610
2008
2012
2130
2207
2409
2467
2783
3273
3909
4013
6354
6853
8320
10800
10964
11432
12502
15470
16018
17169
18436
18475
18546
18827
19885
21168
22309
26580
27926
29026
30324
32106
33204
33567
33650
33952
34907
36334
37070
39192
39951
40568
41883
42022
44561
44640
45322
46646
46790
48646
49125
50843
51629
58592
58921
59525
60111
60314
60580
62009
63555
71084
72670
73404
73511
76308
76311
77789
82209
82479
86942
87126
87170
87472
87821
88564
88777
88789
89368
89805
90169
90455
93781
94939
95227
96971
97409
99275
99484
100773
105039
105193
110875
112378
113297
114073
121178
122887
122917
123356
124583
125889
127134
127299
128463
128940
130256
131109
132737
134237
134962
137514
138537
140275
141717
144352
144856
145753
149018
151871
156494
160102
160927
160990
161980
162491
163544
164307
165782
167823
168518
169630
172477
173341
177367
178105
178204
183790
183943
185577
186258
189801
190034
195257
196869
196899
197043
197434
198710
199383
199406
202742
205372
206130
207039
207189
210090
210255
213278
215432
217685
219022
222147
224219
224464
224955
225062
232493
234314
238699
240797
242795
246477
250303
253351
253613
255452
269052
271247
271619
272653
274001
276353
276987
277598
278877
286266
287649
287848
287950
291184
292545
298921
301073
303938
306378
308816
311163
311985
312508
315184
316531
318714
319403
320093
321095
321377
325530
329944
336225
336443
339708
340373
340597
341138
342079
345999
346108
349696
350223
352292
353899
353995
354496
355169
356690
359744
361228
363220
364273
366311
367422
370166
373519
375136
375933
376271
387556
388382
391406
393372
394103
397020
401663
406305
408213
408639
413300
413869
416178
418176
428286
428293
430243
435753
436628
444186
447990
451546
454551
461365
461900
470199
475497
480658
492660
498413
498541
498626
504586
506543
512861
513881
514330
517261
519046
520107
524481
543087
552398
561387
572154
587914
595744
599053
604924
607751
619070
623972
635815
637063
648953
651076
651441
665973
667830
669326
669723
675278
681414
683491
685287
690504
691571
693042
698583
706028
713465
718743
723402
734177
741072
752320
753105
753106
763651
767462
772775
773489
774135
778427
787543
806722
807056
807514
824594
824819
825468
827490
831359
839318
846234
846256
855148
864296
869232
873438
878012
883790
884260
892302
893020
894397
905987
908379
910075
910154
913670
924240
935448
952887
954357
959541
964322
964665
965417
967664
970572
972776
985365
993235
1000129
1002817
1006403
1038427
1042523
1058525
1062354
1068893
1074736
1079093
1087329
1088173
1092188
1093044
1105260
1129097
1134716
1139872
1152974
1179625
1185606
1191200
1195535
1207543
1225949
1226768
1233195
1233533
1241413
1242113
1276744
1277318
1283477
1285375
1292156
1297164
1302382
1326726
1330577
1341493
1357364
1362655
1382162
1388718
1427966
1442770
1455487
1459202
1478796
1484243
1487709
1504523
1554033
1582407
1617450
1617690
1639702
1654240
1656408
1674785
1690256
1700354
1715551
1750700
1893054
1893807
1914971
1932923
1940707
1955181
1955208
1961870
1962175
1972975
2009038
2051142
2075436
2094556
2141928
2168744
2168889
2210836
2215367
2240935
2247391
2287031
2291871
2322700
2347536
2375719
2388497
2393681
2406335
2431221
2442942
2489678
2506603
2530862
2539911
2588780
2591885
2593840
2654948
2740292
2777866
2796199
2812600
2873144
2882392
2916588
2948479
2967981
2975132
2997847
3010651
3010976
3051139
3094530
3107865
3112312
3122401
3127972
3165701
3176579
3176934
3182151
3198477
3206041
3217926
