258
682
689
1299
1913
2704
2807
3076
3341
6511
10287
11099
11257
12214
16264
16473
17135
18191
18521
18876
19927
20771
21177
22037
22651
22837
23163
23631
25408
27070
27798
30347
32062
32493
32824
35550
37402
37441
37518
37747
39015
39413
43792
45027
45195
46658
47600
49705
50568
53134
56638
57160
58366
58613
60143
61524
61900
62933
64032
65103
67188
68580
69703
76016
76632
79132
79631
81000
81033
82929
84175
85178
85669
90709
98502
98518
99367
102829
102896
103352
106293
110073
111638
111652
115511
116854
124099
124107
124175
124442
124841
130863
155013
157164
166381
166791
172052
176396
178051
179063
180870
183861
198484
220098
220313
224821
227509
234812
241736
245942
246000
248034
248458
253614
256704
256775
258590
264297
270901
274974
275046
281626
284028
293838
297711
300233
308695
312564
313274
324161
327606
338085
347811
348294
356982
361985
362213
369546
372346
376813
378894
381111
381315
383194
383280
385654
387887
394759
399436
400884
408811
416423
418418
421382
422631
432519
445550
449048
469340
471139
474044
481571
506346
517254
545429
545715
590366
607409
639208
643447
644467
652017
663560
682439
686981
689785
689852
694565
701811
728499
728571
772557
773129
774192
775066
779016
789470
822180
850170
859137
860653
863904
897380
911146
936844
946536
1021072
1039875
1040267
1044815
1047864
1074261
1079716
1082098
1103248
1107977
1107979
1110852
1128989
1137506
1150807
1160923
1244617
1257006
1301555
1308428
1313486
1347484
1350249
1358310
1397700
1409505
1410318
1421964
1449234
1451638
1457803
1459896
1474127
1476125
1486909
1495579
1517779
1519856
1531266
1535220
1555245
1594793
1614212
1642236
1671170
1683487
1771306
1782887
1828478
1850432
1876123
1887663
1942263
1945263
1956872
1974439
2026853
2072034
2128957
2143738
2221068
2232520
2246113
2254362
2286793
2292127
2344559
2352287
2387962
2404767
2453432
2481652
2489701
2534333
2552913
2636768
2645543
2713240
2726112
2749147
2789793
2790285
2809620
2821078
2847390
2913607
2927830
3023756
3225890
3226896
3229022
3249048
3250635
