156
226
1196
1218
1401
1754
2146
3039
3210
3412
3968
5973
13347
14387
16097
16561
16829
17122
18801
18944
19501
19677
20928
21924
22377
23037
23828
24214
24597
26801
30742
36422
36469
38491
44032
44368
45682
64422
71711
72659
73010
74950
75227
79682
85803
86019
86038
106525
106840
116000
116080
119230
126853
131319
131417
131663
139006
146010
147189
156940
179595
189081
195946
203083
205185
210860
228278
231016
231225
232133
236203
281092
287255
295431
301907
329356
338955
362498
376644
388358
397008
410366
422203
429389
450975
451513
468309
474132
477615
485382
532316
551913
649299
658568
677935
694018
710468
808912
826139
889846
904025
967690
1055169
1091185
1106743
1115067
1142457
1163547
1233510
1237674
1249331
1260177
1260862
1276790
1372614
1416626
1607935
1885283
1889104
2279309
2279343
2530335
2793472
2818728
2865874
3206658
