336
1972
138402
128900
529231
1267098
2252454
261575
145552
148619
753531
329534
1247016
211591
1310659
112341
192834
309400
403455
1759
317967
39640
33073
108722
323967
124279
779539
826576
99107
50677
392325
740700
122701
173505
42929
204397
22115
104417
411777
1763873
1523587
1938622
447289
33122
294386
57402
203043
449542
199454
27092
412506
11382
470237
1463662
506915
968438
352634
43650
185285
245845
1257724
959360
443336
1827779
133562
129479
393466
183401
202719
1334749
515846
2812
220030
179635
318924
730081
42087
887830
9146
412445
118161
176766
748463
173118
160837
18830
263816
2564575
684440
9964
1028266
191369
178099
340374
18785
355227
688220
69396
354834
378703
203046
213882
22214
60625
17344
53428
14426
72102
113548
6940
323866
113018
1898726
17675
56950
1020523
891494
1617362
57054
124677
5027
51085
59604
338246
179740
106165
161287
9631
82288
87724
37520
1116736
488155
467295
1257728
1471976
209861
117956
88508
53077
845403
57724
236401
110012
108313
301206
111690
89370
243412
352152
252195
16224
368169
231363
461617
473575
489513
143022
47002
820351
224057
226673
338405
193262
587529
268552
196446
403926
473184
1140248
38700
1109573
81177
692609
277501
259103
197961
93105
48958
1721415
70820
9561
81935
828738
218828
180367
278665
675814
91142
651
117188
39021
354565
137351
47294
410412
533825
275517
57786
34206
34247
197649
639545
58397
424
33540
397824
722488
63903
7633
17883
133605
184892
78234
2739
7605
13787
15474
241610
944760
143825
93868
22094
429052
284814
235704
39254
1767
1774
7247
1052773
30811
82603
102836
3532
1489
79837
37082
192935
255689
183065
19739
61852
35954
394872
86798
190402
89895
210155
730434
32994
39714
130266
1012952
254751
139133
719086
440841
2271883
1730507
433188
1150124
88516
1414495
871734
210570
49371
239482
98708
270
1313797
83708
37350
2034
7192
112376
604
722714
382358
201341
2063553
199175
376098
86581
43506
556778
36032
283034
972577
33298
781427
749973
67312
5077
21424
1124628
180743
2078839
186750
511385
138574
353283
367056
169466
37383
8087
39128
21596
100442
6200
196351
17448
375046
455054
198452
537451
418178
129994
32860
302184
97031
125493
212963
1257777
180196
175214
97323
23715
283020
970735
433521
376378
481156
333556
798764
2422814
740792
466859
1828
810096
693852
101734
33951
403651
329826
464938
263604
118875
39437
882132
5798
4687
354819
182849
37924
399712
985188
2708217
2351266
2191990
39452
284432
100843
46860
218424
437487
335474
921112
1800010
128218
3268
378
42170
187099
72091
158989
93163
7349
150343
296825
142086
286409
199873
258861
31423
123379
24993
241988
769445
447424
79198
45643
40398
135603
505762
304909
57959
6422
1711143
1052963
5465
5410
312938
225336
2873804
418513
1179342
1015907
210188
17154
49835
1752310
199158
478345
238716
61875
114754
124282
5665
34369
26110
103245
205545
4249
17257
31633
3824
32413
162883
2844
35285
389698
659566
503613
565323
248612
1446027
384136
28048
247248
1120849
1523971
365720
9349
409619
429893
377646
393639
827
57158
299759
507124
169847
696359
305374
162776
125959
1182
21205
91010
60079
137923
59711
524266
2858602
941715
153008
673587
17241
724216
53632
312137
43193
10626
25741
902294
681052
667218
184400
120034
1696124
67382
36910
45701
223864
165204
220017
53205
482408
49056
1477637
375975
89689
582970
1039691
39748
1965230
510613
44406
924104
92943
87605
304197
39656
4520
54228
1025113
207261
122886
24470
261260
729812
93869
286613
51470
44763
519682
368776
90023
1257726
317116
163401
115668
35616
1611744
865375
120117
44825
1298014
80914
1176706
1034841
7114
555567
74977
60619
123674
202189
18610
478261
17088
2060
1447584
53718
275212
941342
238813
3964
204085
244685
4876
459365
87279
255176
314537
254458
818722
2355
31604
42053
33742
55518
46727
16627
354755
543605
43499
128450
308596
43960
115187
32788
51607
271681
286944
2351565
1493689
1246422
2036903
110208
57732
375062
213806
68637
24716
1575367
48880
92193
477806
7010
17374
139229
429808
50333
898597
30636
41057
122096
114991
281925
823935
98825
89464
108062
78692
5060
2785275
137482
11764
6577
9928
684982
2839
1283598
500784
592839
9780
124408
628937
887810
178474
15053
789089
1044690
469098
200605
18826
116398
273446
84010
1154858
2354
45245
130392
471082
499478
1971338
780387
615866
833492
822233
478230
139812
97164
320851
762400
38867
539374
717252
6586
36395
36300
51816
722461
2416166
440761
12206
99286
2245
799292
11334
11774
21222
110515
49367
10276
77288
4771
1665
1152792
111813
431657
1144836
456858
212086
440692
187086
35883
223512
453981
102618
47523
86621
1576
1578
423535
45880
296644
1385133
301675
6625
6702
2688327
44815
8403
654430
198977
19072
37164
31092
815186
62456
112860
327887
2613686
19985
9525
2114
17532
513538
79783
24137
354329
523050
138718
681139
265005
811544
332924
114123
14142
3332
411645
1074598
761478
315999
355978
354960
415910
388112
98205
92684
472056
360511
43950
29356
894223
12648
212406
652721
293121
265029
827890
403430
1341265
1552027
350757
374092
125717
1667
106491
1476387
1353387
89294
2566638
1649952
2667846
2695288
2667859
1220058
309885
1139574
521915
2340319
1239246
898795
91999
369433
774040
11053
21328
241990
205855
208152
32713
352863
635557
377061
400535
567672
36354
32735
34712
54215
54677
67110
123332
250484
74471
70259
60209
298617
164887
201575
16205
65952
71563
164031
45509
110961
221276
36602
23073
461952
33549
260090
235803
191389
1176617
2749186
2510821
93033
122899
1153079
885203
1257721
242897
64106
3566
349837
74584
124043
46838
874407
3748
88720
1482047
2636
207344
59522
350826
440687
1382619
244496
37432
113060
432863
45190
451341
952362
118427
391765
63832
224880
156077
421060
315
186959
42937
139753
1359617
711
113676
1336387
388915
40723
43898
443852
1050649
465023
845409
165831
1504
227005
38214
98551
1153495
208475
22460
913238
1940402
220900
405931
91092
1190149
107828
633687
217982
245431
508831
24424
72160
101390
932590
4155
629084
134547
388568
185273
7153
76882
1508591
947533
740794
18132
8977
16111
137935
330432
51291
139888
2714828
248662
468531
215687
625460
2260852
227662
55682
87750
75424
38206
1618057
2834172
4254
55923
194512
11514
876419
433226
172991
20554
140312
1423585
393386
302161
36075
316540
1349651
146693
48463
2020835
52357
177142
1760526
357887
111710
2181295
191194
1473164
414826
521463
125293
470032
326291
650309
1348374
1249595
1484988
54962
259751
291272
187485
182595
16751
92117
33669
413891
36948
18769
91054
40342
310
790550
408568
261853
507358
197478
706066
436860
159846
1292814
721717
383127
615162
450376
217769
329633
286288
45940
99333
85215
76604
352139
62223
5758
7158
10265
102931
390646
62384
1677130
20561
210089
1023
336763
81290
731893
1293829
1418575
5330
34179
454888
727509
1155236
942696
127716
1554757
14070
400095
12919
24301
16241
11516
49520
18360
50808
403301
1492202
909961
18774
39761
605510
92433
374838
1128844
100203
242594
677975
887805
455297
24120
1296170
44353
274732
58053
459543
1098290
2512112
1524062
1676803
451608
18779
101803
2341351
447675
174604
113910
2805
8750
100062
1317127
2589147
892753
1896180
2649726
922100
13538
1333132
865952
344379
38156
288406
185423
215696
1738628
33113
482078
226069
2530289
368506
730700
142677
220680
948430
651170
132367
7496
2090343
679052
38618
976295
232505
6576
2045267
308142
103349
4983
34298
390764
8693
63564
192629
27429
193910
805212
37204
157025
348694
2772716
1348373
244322
698156
274440
241497
515753
16306
858301
766147
1624612
129508
181868
87429
77673
649188
96634
15639
811656
5397
10572
29663
38393
116995
304847
331252
653737
188096
712
227247
8255
6611
173389
1892
75469
140669
3608
234944
196258
127382
11358
585026
2869655
1305371
283677
512055
45724
210560
17954
140645
285025
107554
1355
260654
521840
1558807
22429
130471
1316834
1849757
2247243
112309
134763
46741
376607
258727
480954
86635
193518
49896
1666
10778
944987
127494
297451
35787
1063605
479368
226309
192853
35501
556050
114426
44817
350124
1235882
864573
331007
522005
302518
397972
23110
10627
43226
468919
524535
352536
34997
65338
951900
52836
1435550
682384
235173
4457
7046
1754521
10156
873475
6309
8177
