213
370
667
719
922
1203
1558
2082
2755
2950
2980
2983
3166
3235
3346
4209
4306
4368
4877
4926
5092
5963
6093
6187
6192
6236
6610
7027
7052
7079
7099
7102
7396
7890
7938
8077
8546
8551
8970
10039
10227
10967
11095
11415
11539
11579
11828
12135
12354
12423
13149
13361
13587
13691
14108
14151
14830
15161
15204
15206
16015
16032
16939
16949
17563
18244
18737
18815
19355
19647
20924
21004
21589
21626
21772
21790
22091
22118
22551
22752
22763
23111
23888
24909
25500
26323
26778
27401
27430
28126
28813
29043
30334
30709
31477
32656
32841
33308
33581
34049
34825
35845
36611
36957
37200
37808
37978
39310
39398
40251
41070
41573
42160
42251
42324
43335
43337
44395
44978
46246
47413
48719
49749
52104
52120
52425
52746
53763
53869
54061
54542
55019
55561
55812
56263
56545
56594
56669
57348
57555
57630
57649
57920
58091
59719
61678
61881
63225
63994
64172
64349
64397
64723
65521
66034
66898
67133
67141
68063
69744
71455
71851
71927
72430
72447
73260
73281
73282
73442
74283
74635
75326
77651
78917
80727
80752
81004
81554
82213
82588
82811
83639
84177
84445
84583
85025
86252
86310
86458
86691
87506
87602
87712
88470
89111
90126
90166
90312
91626
92620
92780
95064
95080
96496
97333
97387
97611
97703
97865
98180
99351
99583
100065
100546
100904
101326
102021
102631
102656
106490
109289
109596
109813
109938
110884
111050
114028
117225
117718
118321
118378
120237
121975
123662
126005
126330
126496
126612
126786
129126
133040
133889
134210
134355
134587
134709
134779
135769
137665
138025
138132
139232
140299
140325
140868
142457
143575
143780
143840
144948
145164
145311
145549
146580
146669
147626
147749
148601
151519
152797
155027
155604
156698
158064
158243
161546
162157
163906
165216
165916
166165
166665
168466
169967
170355
170422
171169
173168
177255
177436
177583
180981
181086
184825
184971
185951
186875
187422
187867
188114
188345
188800
188880
188979
192191
192476
192676
194515
194824
196274
199018
199033
201716
201822
202419
203374
203680
205915
206101
206173
207061
207642
208481
209543
209770
210340
210817
212985
213084
214534
214629
215194
215605
216837
217719
221035
221175
221185
222849
222880
223173
223540
223588
226197
226687
227171
227191
233880
234556
234932
235562
238588
238739
242121
242517
244997
245778
246135
246224
247457
248074
248298
249017
249793
250101
250522
250581
250865
251106
253811
255858
256325
258470
259983
260727
261634
262244
262525
264748
266196
266244
266519
267860
269161
271505
275545
277795
277812
277839
277933
280395
285217
285229
285325
288531
288732
289664
294059
295968
297340
298043
298368
299270
301248
303928
307717
307839
308152
308501
310268
310753
314050
317184
320380
321060
322118
322357
323893
326951
328905
329552
330566
330695
334038
335336
338075
339247
340987
342112
343579
345691
347224
348517
349145
349209
349588
355379
356025
356834
357897
358910
360392
361789
362740
363401
369999
370651
370668
373426
374431
375529
375746
377590
379740
381443
381797
382113
386317
387696
388428
388620
388956
389882
390284
390431
395296
397273
401499
401738
402443
403145
404375
407825
408441
410231
412399
413499
413777
414965
415318
418544
420542
421642
422835
425459
426572
430828
433699
433830
436038
436271
436930
441478
442054
443155
443713
444499
444619
444713
445420
448685
451631
451976
452973
453115
457833
458754
458963
459286
459341
459642
460066
460667
461928
466684
469921
476354
477761
480312
484166
485411
488810
498652
501427
511859
513275
516265
516650
518271
518534
521781
522865
525735
526405
532030
534927
535196
549103
550882
552384
553609
553735
556199
559892
559928
560609
564482
566069
567694
568027
568484
571149
573425
580959
586061
588460
590460
605516
607088
607809
609372
612500
633010
635094
635571
636012
637343
637370
640880
640948
643474
643678
643688
643955
645945
646481
646732
648737
650671
650901
650912
654140
655829
656324
656686
658502
659508
660113
661095
661539
661975
662098
666447
666806
667428
670087
670563
673090
675516
677075
677638
679150
683331
683608
684862
686568
686712
688366
690643
690771
691005
693291
695488
697689
704213
709989
710746
721096
722913
726178
728243
731524
742949
745145
746091
750692
752946
770183
773761
774977
776155
787988
791404
796449
801375
805523
811245
811685
821549
833113
842547
844360
847036
848029
849631
849743
857760
859853
860605
873937
879081
882370
890473
901576
905327
910760
912512
947640
949370
951310
953021
957657
959140
959551
962223
965913
967478
969075
969086
976512
984957
985305
989202
993407
993763
1000433
1024241
1024875
1026913
1038188
1038451
1040226
1052560
1053553
1053691
1061696
1062521
1062719
1069029
1072529
1074644
1084405
1085125
1095712
1098239
1113452
1117460
1119724
1121533
1125675
1126152
1128057
1128444
1129706
1130047
1135907
1142704
1144160
1154920
1158795
1163522
1169453
1179043
1179730
1191686
1200158
1233365
1235798
1240540
1240864
1247808
1261536
1265299
1280453
1281071
1286343
1286579
1288434
1291252
1292644
1294097
1297034
1305376
1308528
1308914
1321253
1323288
1330727
1344403
1352439
1352627
1361065
1361895
1364915
1369729
1369745
1370552
1377722
1384351
1385559
1389270
1396626
1397369
1398275
1399971
1418544
1431897
1434909
1441443
1442899
1448087
1449716
1450255
1451878
1466945
1468417
1470953
1471208
1476044
1477361
1477842
1480607
1486399
1492143
1493230
1507669
1511455
1528993
1529001
1530998
1533682
1559270
1597412
1608825
1615895
1638361
1638368
1638382
1638392
1643487
1662280
1695585
1720557
1727299
1759884
1765327
1765730
1768129
1773004
1789807
1796329
1869993
1870004
1880590
1913025
1944340
1978675
2009621
2014113
2024833
2030342
2031189
2051514
2070019
2079107
2079799
2079824
2079927
2087395
2092130
2127576
2140372
2153984
2169490
2186488
2223348
2227637
2232257
2234118
2254900
2259493
2263570
2264230
2264531
2291737
2292140
2292975
2300939
2303471
2326143
2330894
2331230
2331852
2334626
2346542
2351500
2355280
2360692
2364349
2376569
2392921
2395503
2404790
2438252
2446147
2472509
2473027
2477841
2497221
2502428
2510172
2513542
2516486
2520742
2521916
2528882
2539949
2542682
2545039
2546329
2547957
2548406
2553739
2556679
2567194
2570738
2574358
2582320
2586764
2590932
2591785
2596298
2609150
2621821
2623075
2626828
2627697
2630663
2632765
2636442
2636782
2637156
2640439
2641343
2641799
2650851
2655345
2662122
2662432
2663962
2664016
2677797
2685181
2685814
2686087
2688236
2696381
2708252
2733688
2759065
2759889
2769368
2772415
2772438
2773640
2776671
2780972
2791640
2794764
2812139
2814769
2823107
2831095
2842393
2843697
2856671
2876482
2877325
2879905
2880804
2915336
2923151
2928172
2932110
2934793
2935688
2938337
2947882
2965931
2975136
2975674
2978713
2987362
2997554
2998545
3012416
3013517
3018384
3037342
3047766
3061101
3081119
3192540
3204392
