884197
1740617
247509
433243
2590686
49572
2328198
146648
340962
332780
318912
279335
1130723
159090
128569
1302443
310447
7142
1661976
34955
10037
17795
248779
1017481
516068
949273
937875
1667061
80763
659259
156334
144744
275377
152821
170069
56427
114030
2022341
181124
197397
117197
188606
15921
16619
15584
62648
825
748601
963394
103379
45175
696
1953259
327009
2309201
1292860
2603222
299461
28246
11014
10316
2259415
353539
195317
114459
62439
66603
21239
1058000
771594
1047100
2169133
387160
1277440
522884
57285
477644
1118077
1461218
1094179
545371
161841
235780
60026
8585
854825
435036
32104
2346516
1335128
810550
153677
117407
655239
215807
47025
288736
697978
581027
206919
295419
580974
205417
1819532
694843
33246
1050307
1013157
408815
13763
8393
1806757
38582
98271
1715889
2391424
10145
805521
305826
483281
852361
2837951
1967666
7694
217751
10091
275726
671007
306236
1565852
1565854
1565867
1565857
698532
93046
1734897
1196280
15983
655846
3121484
3002216
27714
535041
198456
214567
32490
1559651
16323
345874
8882
468601
1949550
749843
300559
64339
2583164
1411824
897995
2091248
401009
185605
680359
859482
364017
1364743
155894
1057994
1172052
8636
1156167
2653378
244133
457473
123063
682164
206765
450094
1971024
766228
326726
1992360
866957
83187
66693
19252
54807
161221
388800
96003
30934
359258
124854
321993
629039
117271
187194
1024965
2232494
1029273
3220867
1494022
291078
98296
182432
1446312
1446269
1446294
1446277
1446309
1446299
1446293
1446246
1446307
1446305
15007
57869
17075
427138
134646
257946
179678
181350
2495217
1305072
2953282
1069
1179531
867332
1765117
2031906
11092
28607
524557
838623
122851
332619
35403
160786
906273
1404906
1322316
298797
113587
524190
292861
901674
108029
549010
1277504
16571
350160
429570
462503
692438
864328
135273
399103
560496
276141
8494
353086
268547
2341090
1436258
1520645
6939
600141
198457
379434
115390
18574
406890
90675
196442
249812
201592
855305
70844
137290
1468
17699
39884
2209083
2793
69610
26050
8674
439512
1340935
295414
743443
954234
170380
74208
430795
489722
67398
357659
23182
1481546
68670
657502
920231
2397152
1125615
695416
960351
476847
39519
1730484
696459
7002
236935
2129362
268887
884663
308627
414683
29274
1148705
898895
737395
714316
20770
19511
71177
74985
353822
1474794
427
706097
241606
48102
2536167
85746
671608
299534
1257778
9902
352721
1412810
1662386
239589
1052850
39039
3007615
786
2175
18553
30851
1116840
10122
988417
923736
696102
1050922
1719462
435677
989536
435556
374608
4552
636207
115015
1360022
778515
428819
223254
7307
80249
430673
1219743
84161
849389
93448
48763
166344
2192940
1052033
399348
1849
171667
290678
83412
123141
253282
21538
853069
1077
10179
101229
1387906
798261
81914
61542
1185451
99806
507352
1265394
2475782
2566179
1169275
271767
75718
1632442
148598
16533
952210
1364491
407799
296927
2885327
1126019
99879
74828
1098476
2294046
1500119
134018
2470971
808031
65495
4608
769336
92742
409593
1150089
1317356
405578
222969
2817427
469465
884543
18649
621681
482393
84911
109619
795976
269937
72083
2255940
1118208
104806
908263
981
50092
395115
515741
65456
1887845
54955
2219854
270120
2019732
517710
399309
1205350
2020948
43314
1306088
1417654
957013
1309444
80052
836198
1386931
734174
432549
390852
416441
14997
45988
322564
310103
1360899
194041
520685
874410
339893
63481
2984010
130111
28403
1396312
1121572
469636
40277
306170
320703
787035
355332
1040568
111707
112288
225371
242175
141864
1543582
519363
148125
1041262
110237
1354667
1481284
545815
1982
2159566
160774
1292250
399442
2230032
58540
1779378
2361986
1856631
1149917
273219
1292656
236417
964437
14854
51440
163565
106523
2957235
40712
194265
1020900
1473357
3223
805778
1361571
809754
81582
667295
349059
2098197
186953
1463555
869689
1983891
2242431
796755
1171126
190331
1611161
23568
411684
758083
23384
46623
532848
590107
1109500
1250505
656400
311152
1111683
269362
471396
11889
255024
221230
13570
8093
192743
656509
711998
658521
239453
14345
1216174
1428278
2453213
46081
1122995
1139504
86355
252640
1771485
2807609
121838
5842
484089
353301
412895
185297
1918172
484816
1047534
611840
2498405
2107287
357435
937874
9432
221210
133649
447132
417860
1146458
311575
36277
917169
340948
2309713
2018354
897697
328953
1107341
961957
74687
1753331
123541
448458
373257
666798
366138
1182910
1170131
448132
75278
606483
77590
401172
123344
1146611
1677473
1345635
857509
39242
724063
108409
47379
9252
1728429
2604
1055811
120882
1035585
1294342
11825
1154357
1368438
22769
97795
15566
63536
1470051
72392
213844
2273985
8285
420802
1839355
417150
657851
430656
267045
1242603
259484
695862
775073
9687
1162462
947638
2304715
449850
1502008
276916
15872
992587
667253
1688734
21071
153236
193263
785883
473914
1458884
326874
48204
1668791
707784
313616
152611
9970
1887918
462717
20790
1062124
694203
8143
815458
1035637
403161
2233756
1713888
1710811
1127874
386444
199874
1963455
12010
1882638
968265
744347
18274
220055
723737
18609
2297976
765363
43114
1962078
1525908
152735
1425685
177954
1976526
279182
117008
683713
875506
1291488
1446281
1446273
209720
3987
568491
2336589
1289405
2184608
14488
1671017
2091769
820018
604795
280749
1937454
210081
2407837
1243530
66005
15253
719161
316910
35318
49826
19871
613557
58556
2891381
311252
333020
677625
267243
684382
1828137
1503180
968154
1108330
2087638
1411117
57161
276679
276567
2365695
35822
607942
24932
257106
11377
1808
312819
367795
5852
893392
18594
892854
2174653
2002621
1328052
2065257
1117059
1444852
557427
375647
1129625
941286
1799902
2440
1522525
386185
658827
730323
219133
2069153
386741
119572
42850
73917
165809
1401742
261322
418312
1132231
103342
69648
1380931
141349
1854788
437511
682501
105534
138720
93073
2059104
113279
1663
631663
141031
62902
925
874636
473142
482033
358017
637412
386853
1234601
205008
651213
2241554
341210
94651
430384
1867956
940527
1819426
1384002
2902192
98304
363390
752956
1897523
14505
14900
1918930
39752
13257
469
209177
1155215
128360
55842
1387162
2078719
1461060
386783
700473
2455283
661051
524152
773662
2328445
312944
266949
467631
951987
50627
1711688
1622933
388731
1565863
1526241
1565850
1565860
369630
1565849
1344508
590921
1241716
1247067
1536685
2277447
1566465
2954964
317430
937
1366456
894553
864087
235228
15005
200394
412150
908059
1294716
1747292
831352
1818812
1351306
646640
20594
16806
1423873
1727515
28886
698077
805720
94379
333711
2192671
1407710
122875
1942454
92673
1195864
117431
1303240
789386
32778
20013
1700304
83609
1635739
1399439
518061
870408
90564
955271
34387
47069
671157
1484643
1047398
836402
140070
790408
949182
78460
1111562
432247
270448
68160
15194
1458765
156419
376185
1687015
38708
728614
890492
1117
490801
232477
957755
815844
1047756
1090619
1124711
1334817
468457
1760244
132731
292005
89063
78282
2367
3133513
1588
249437
68880
171409
290330
124486
1201997
198201
289550
777913
1116477
3550
98402
38758
2181490
42149
908100
836927
1394442
493688
1523898
1105768
430490
560457
771828
524065
2002364
700097
412813
3188519
124410
385804
93808
435192
122820
536201
95894
966884
1725795
593182
83123
1388199
1509610
1951480
731634
520887
1195150
1670084
372804
609
11443
32139
1883786
468411
1120897
5858
5985
828379
25724
428508
263235
259310
556090
477620
997453
1008473
1182873
265207
313683
2051363
1221
2806
1978168
389140
27299
17001
1337524
371941
842220
2426407
2866929
1657792
1329582
536961
2112581
84116
48099
1197185
712079
1426991
894484
1178722
293265
189789
85527
2067651
1126
2172243
160841
890480
93953
349693
16748
9961
1661
148985
1829086
318879
1119218
361673
205963
248325
2162513
173760
1440514
24763
118778
54159
1280217
411478
471386
891803
4442
218703
1180321
200367
945226
111716
1439117
1456762
1441412
374797
253483
718017
1376864
2595353
1345661
57861
1435598
1389248
38521
1486825
914140
16082
1413470
205517
1565855
1565809
1565853
722695
1700445
1391097
77047
893341
128605
156618
1526648
952672
1486668
2162430
1283071
30597
41997
176389
63240
908582
1306617
104523
2997
44471
193113
2015
1556301
410726
1762
117145
636666
375839
26607
102368
1359379
555005
1510419
1963193
522125
1095614
4379
64532
22435
826905
1414867
75647
1204938
694408
109845
76908
930
434562
2366461
2051510
111381
76491
849296
669819
2224780
401860
2691105
312998
174844
1188095
1553559
478548
1282386
118811
1489008
1152964
1371065
493882
41142
69919
23646
1258926
1174311
787667
678642
4607
459161
956771
476884
194700
269325
1284784
108976
2185738
2724995
630670
109196
13130
1189525
15923
655679
2351517
653
15011
1954130
811749
1205343
388710
430891
19791
378466
1561
308842
1170529
1812368
672992
738737
789348
303890
14942
695125
2650
760697
1391551
55375
122840
884165
252037
3213
66087
5181
40039
1723557
1592147
2406780
696605
678849
639365
2311711
180643
60003
101529
558335
758512
480574
5233
1165360
3665
1053433
122618
796843
246340
189270
124468
1447958
396253
43598
174454
236500
59517
2755676
103687
1356898
72477
1499256
160454
16064
697744
2102077
673063
519893
375441
293313
388227
2175490
186227
343126
6077
2329375
791538
1427241
110080
4105
68526
723726
1923556
46445
114074
7878
1589
202677
1971654
1249141
466070
3281
532603
1313814
448049
677188
2909151
49251
1393378
255218
823
2086920
23750
449157
473699
1071975
198021
206763
225913
228112
358028
1523033
180674
450508
1124686
1662834
2176522
478065
416238
447830
189867
1280948
840804
1281268
650798
1043998
233749
665165
414650
203340
944374
403790
1296183
2295117
2166523
275060
219971
130703
192369
786583
963377
1168385
16052
83012
32622
2078776
50223
1246951
1518053
1287646
504194
1114280
344099
725956
397908
1045286
2381039
459220
1322392
55067
459644
557597
155336
1142656
1515
7322
1255739
209440
288080
290416
266508
763469
11367
213974
971281
677689
458760
519875
234162
1311779
687759
374084
1506351
1078659
133257
71156
69682
745325
244916
2430363
366461
482697
1417940
92216
1528929
2175902
126794
732965
982690
26142
769082
1777121
216757
64580
13708
692640
1110471
295731
68170
17286
794458
17728
3417
10300
70122
39380
275338
109033
2634912
658152
673475
26173
116
87578
188455
220386
7383
2187005
252519
1605933
174795
315767
196561
723967
1007220
529758
811148
299712
332312
473114
819529
1517410
8394
894345
2140293
1147901
438278
104296
240569
1259251
870008
304754
293061
48106
2332284
161976
1305122
223587
13953
3152
251183
2702
656813
518153
527287
17779
817817
277470
301948
1645089
1287960
125405
1989141
851370
2156630
739377
1384288
283431
2063130
1047464
234487
1634208
1357445
1319092
71703
1635998
961016
137618
1571275
697309
1477114
324190
701069
540444
1378611
1159356
141457
232946
2088212
2187651
2255615
182738
1402906
1351511
985494
270274
287251
132423
1396741
388348
2186004
461792
1938296
2270706
9526
27880
783771
1833327
2992397
520277
52365
725169
119608
867117
302154
311290
2225659
473544
53114
74367
18023
1093638
360104
244517
675868
1899971
357911
31189
643656
520360
2380426
95617
820625
11505
335633
245403
357759
759662
372399
187973
1706274
360068
605180
1099810
1115588
1140498
1155305
58826
1947529
240888
101040
116503
151090
223098
644295
769377
338582
1561046
1452031
10299
1396611
2001843
1669716
470624
44777
1281189
7697
1110458
95990
119787
2003544
269825
1292323
830530
383553
255891
1490186
46767
48534
1899979
342005
206711
76049
40544
1938596
28870
91170
155413
243943
1352146
1661033
