1506322
150544
222683
138431
161563
246626
3930
18107
1824709
59545
25504
123232
154197
57209
570851
134007
352025
71713
152572
1491367
4070
39393
92808
2450599
277794
1224750
717
111548
290703
2585926
2777811
133745
1255007
149365
2024842
77609
79716
861001
281784
362060
47913
2336739
1442571
37681
2684792
2413191
1711644
1458167
59136
194550
23697
53137
40607
1987713
33522
777480
351585
75240
2909044
41464
132347
2509578
2961130
165964
502314
202527
2164221
653657
516293
2363437
775745
357855
6070
619848
297469
554716
6147
374315
21261
361663
13596
1557885
1907001
83606
11178
188375
44423
28734
288938
254325
167821
75274
1238153
234664
45007
685061
1675253
1191279
1686607
124702
1101961
34135
1821779
104474
196387
146785
139287
783880
48606
253957
186853
430300
96649
140984
45630
1518077
192591
1169
24590
163914
39110
15179
85384
9136
29488
2184251
119007
284038
970305
42498
92738
476772
488
68354
215181
59182
37457
4057
852787
596354
728
61798
88475
1530711
150486
1030075
1317434
450596
410868
266279
114455
49254
187331
9130
100947
21679
437707
34291
2410339
6844
892807
42618
55876
1246983
1613117
253463
167713
227105
354892
266400
107158
236550
2712375
408903
118469
191162
220571
150
231946
339886
516232
34297
61915
801294
1125403
2687950
23235
242434
5007
648263
173327
1055782
61415
325537
55372
15089
1042179
34162
233141
1416928
60705
23389
167142
241593
1403669
274
190545
187335
543199
178084
232607
192520
77169
7775
681927
950326
333378
1888640
124604
400045
361125
41859
69936
25007
376241
361895
294821
1128397
118045
320665
165629
17494
50116
198043
457056
166011
72071
93191
20782
145459
113088
2081
62169
1093324
659266
108088
319119
67668
2483265
7353
210702
2392300
639386
556013
85954
95771
458265
675851
222962
477680
694460
56957
514868
55784
1176890
78681
1663163
11661
87349
873897
475169
22746
96652
227011
56499
214192
80004
494442
256825
64929
3248
417679
6333
110771
727904
355170
293475
161544
459744
75877
38342
14707
4375
226052
787215
1760067
524277
2186263
2399510
2249162
353868
434543
470915
194177
516772
768693
192681
61506
359149
955175
104329
34638
715433
431219
1491069
1100837
558613
2193430
487954
725489
203421
289323
2462583
80512
36385
164458
72203
253106
854312
33114
11011
3478
17509
105182
7941
196711
112127
443933
76026
233399
8058
126221
385928
966157
117727
24089
126318
23282
21388
242662
2007
155945
2375
786894
406414
74470
2481917
131713
179569
137289
96945
194702
1473530
12915
497580
1924
137478
385345
14808
214717
432904
1176498
200531
265580
170483
132921
274557
2348738
7014
17104
27875
30514
38682
112827
132281
371046
2280355
2325514
2875151
1113093
1130140
843460
1046662
153769
442
3423
54424
401042
373459
124492
133464
236791
418487
304528
359713
558706
68657
1434474
82126
179437
87945
265773
194109
1152911
102220
306796
55786
19341
102174
362212
194865
97653
51967
73351
723378
175053
351002
175567
6078
971869
165
26915
258735
16151
20443
113505
268015
37221
101628
658074
120004
195435
795888
166696
12179
58564
81084
178088
60897
315834
2960
50306
66731
174849
406205
1441472
1555541
158590
678560
246824
135135
20422
416214
40063
41543
120649
66031
152119
