214
392
492
500
583
585
1210
1687
2137
2246
2372
3099
3595
4002
4007
4531
4538
4539
4547
5612
5809
6110
6796
7282
8063
8469
8717
10573
11271
11905
12003
12224
12501
12630
12959
13008
13267
13488
13926
15857
16248
16250
17339
17445
17935
18347
18883
19868
20563
20581
22789
23612
23683
23720
23914
24646
24674
25188
27590
29392
31311
33311
33440
34003
34099
34430
34618
34650
35165
35445
36182
36367
36457
36883
36918
37052
37596
38444
38583
38599
38935
39318
39377
39432
39434
40771
41073
41723
41876
42028
42052
42511
42556
42965
43055
43708
44082
44456
45298
45440
45490
45847
46396
46692
47159
47708
48350
48369
48658
49954
50434
50478
50657
50710
51222
52337
53133
53982
55159
56278
56949
57383
57616
57652
58047
58171
59810
60282
62563
63040
63447
64059
64735
65009
66389
66562
67821
67894
71413
73637
75931
77336
78915
80897
86773
86842
87714
87727
87960
88840
89696
90136
90959
91331
92012
93145
93329
93556
94329
94495
94514
97525
98232
98321
99858
99864
100882
101020
103725
105152
106441
106549
107586
108592
108633
108719
108880
109605
111447
113101
113403
113460
116488
116930
117377
120643
123233
123915
124622
124696
125706
127683
128010
128186
128294
128564
128753
133147
134202
134776
138726
139270
140079
142656
144582
150655
151326
154564
155065
155211
158960
159047
159602
160120
160740
161856
163799
164028
165730
166252
166467
166569
167912
173271
173408
176222
176381
178566
180706
183354
183883
183956
185952
186085
187999
193165
194620
194774
199755
200382
200625
204955
207167
207622
210364
210689
210703
210904
211856
212006
213808
214438
215345
215790
219632
220147
221909
223388
230486
231051
232216
232314
232340
233717
233979
235383
241627
242331
242853
243196
246067
250119
250880
251169
255678
256948
258096
258666
260772
261857
262394
263105
263168
264206
267625
267679
267731
269468
269682
269755
274762
275602
275617
276913
277855
278837
278947
278987
281892
282632
282795
287859
289455
289539
293512
294382
298752
299995
302096
304039
304265
306333
306707
310469
311753
312043
312440
312464
313597
316273
321170
321317
321565
324974
331269
333425
338395
346921
349557
350153
351628
356751
365239
367537
367699
368023
376466
379656
379680
381082
383824
383899
385777
388882
397861
400370
402918
403421
422989
424734
434345
435782
436056
441260
441300
444070
445775
446043
448597
449625
451188
454934
454967
455910
458068
458560
461367
462110
465217
465648
470554
476317
477995
481882
484318
484546
491471
501953
502139
511114
514549
514983
515854
519272
522609
540504
548600
552338
567368
592228
605687
608318
609621
611672
612152
614813
615379
618725
621744
630485
630495
630499
638855
644283
645887
652077
652742
657482
661364
668903
668961
672518
675438
676041
677705
678009
678413
678635
685104
688907
690814
691727
694374
694550
694589
696598
699727
699816
702376
719561
721692
727334
729232
734467
738190
739335
741966
748810
768262
773898
777255
780690
782767
783217
793086
794181
801721
809113
813035
813453
826863
830424
845114
846095
848714
860952
873377
874236
874314
875344
875666
875718
880354
899138
901452
908755
911828
920138
933105
938654
944670
946388
946907
948676
955350
956418
959644
961182
961887
963481
973357
986852
990113
1004735
1015521
1042593
1050470
1050847
1054443
1055567
1057148
1062652
1073694
1079961
1096275
1097357
1102840
1108808
1110616
1112257
1113148
1114211
1114508
1121067
1123148
1126247
1135926
1140666
1142778
1149610
1152888
1162673
1162988
1168071
1179092
1186433
1187993
1192786
1196862
1209835
1212700
1213605
1241946
1247661
1257756
1261347
1278410
1280848
1287211
1307602
1313526
1313538
1322506
1329612
1330289
1339786
1350082
1358545
1361481
1364353
1374311
1377148
1378279
1382323
1383297
1400147
1406068
1414692
1417295
1435984
1442642
1449226
1456566
1458791
1460086
1465560
1466773
1470843
1489302
1491548
1492501
1496333
1518064
1518783
1522368
1531034
1531341
1554711
1608712
1613625
1620932
1621196
1704435
1706499
1706849
1711912
1728502
1754920
1762817
1771579
1776764
1813797
1838037
1862164
1882812
1883450
1889463
1896208
1909240
1946106
1954774
1958861
1962353
1976654
1994496
2064131
2064540
2068993
2185684
2203485
2230983
2245972
2257296
2262236
2270929
2301951
2323286
2325353
2326820
2340136
2348308
2361256
2391152
2421667
2427101
2465403
2474419
2495402
2513391
2537492
2560131
2652075
2668085
2676506
2694789
2699759
2705343
2759661
2770174
2802810
2899197
2904098
2908660
2923301
2937351
2953181
2960234
2969460
2988897
3012941
3055102
3083103
3092638
3120033
3131873
3141830
3150034
3163682
3172392
3172731
3180262
3190977
3199314
3202338
3209281
3211806
3227595
3231615
3231646
3233215
3234249
