4505
837809
2146457
1335133
131024
294778
173881
2100754
2619891
1029485
1237867
450513
3079032
650435
1608553
428719
1371830
1536959
1021668
1377334
900482
483176
129709
218459
1060475
379515
1673495
1946068
2168230
1195923
98426
1438218
282611
351520
56674
669463
1446575
3193116
1398818
3107791
1378863
466275
1942884
1060777
1339486
89753
252297
1668712
105393
1333366
334611
1730783
2807407
1444988
2427067
3042284
404285
470652
650352
652548
830745
353662
2072691
2852502
158440
959450
349224
2192727
96905
2336256
66222
247341
457227
331670
1534087
1105539
10380
327396
300363
1239488
112566
2900785
1520850
1789903
1666820
931985
204331
221786
2542338
2233062
514052
643583
501094
343
12141
117846
58260
26246
1393
1335179
730514
521415
764009
2919660
688117
673673
149371
212590
2934356
42698
1377672
1970425
212865
500377
416129
522758
1655149
2326650
1355263
2129123
209209
1229674
716258
1482329
619274
851552
883357
1496473
1174630
1328333
1095277
198472
695153
304420
1106632
458017
374525
2753502
2047975
1527228
881691
868375
411966
619924
301812
61244
367003
819900
1210090
906730
225984
402559
637099
596493
1860735
692765
48849
779300
106202
2842046
1293753
2611360
588793
392826
2327059
1180835
455531
1123105
289282
1883241
1293909
3123781
1737538
633427
2366905
443341
2807094
833189
156317
824668
3097585
371240
220261
686394
360154
3196430
86766
1300
400427
106227
1134371
2008312
2789443
387872
414902
2938737
654947
339681
537984
760440
2379186
1460664
2086162
1309371
238743
1484945
62759
477356
88733
112970
1107317
282585
1792168
190629
325138
34077
1653822
404414
3248645
445151
1462417
453198
676354
2653859
2942500
2261154
1217280
386631
1308396
1071714
1707636
1461499
1152508
2489258
494072
518171
1042061
382291
413737
362111
875707
9114
21921
1620369
1309178
359763
332428
1775944
122552
646771
1006702
114107
1549863
2742889
810084
308025
1942613
479285
1502916
514718
1932414
2302026
1353157
93497
2761717
3100223
3057575
312430
172974
2297734
216859
1315378
283925
32768
2128975
1595573
373581
354993
241164
1348817
982681
288289
1650896
177363
1135221
1347066
2846521
2272047
3116953
1865781
101249
714097
976564
99682
317820
97947
1224202
517336
450920
805229
510752
615273
688839
1666513
1027682
1027695
1474734
467380
143737
2865966
311914
371541
211510
389385
1473266
166227
656532
770487
349051
2672581
2715366
2917091
3029483
354406
1418885
697441
339194
204980
1645142
371379
328888
1365389
210894
785823
1131041
33258
808121
21988
181283
391829
124980
197358
398298
1892894
2804959
380089
1902488
1414890
690431
2627762
2275502
1167070
82877
2198630
165186
2518267
3160589
790560
1011157
321429
1522092
1659928
297823
54132
416241
36952
339271
352605
405417
208376
80498
383380
1665992
472158
478346
307476
326320
162936
1730969
61860
1560190
2617955
2364812
3106479
3040535
1839074
88560
345520
1710909
465692
351025
328564
3116879
2985550
1130189
1107948
678434
80513
40473
1703952
248940
155852
111745
396764
355981
1151450
203513
362298
1982164
561383
913547
405737
7309
39268
1675528
443988
753527
2169055
2287440
52610
1135227
2557640
430484
166
778772
1126241
112869
1442137
104449
53214
834312
749457
1162874
1178866
195476
607882
1169452
2252358
2869003
1480802
516928
874600
1477034
139613
241152
133247
1568884
1943804
480809
2122239
674436
1472377
1237028
1230386
2113354
1188230
1175293
314531
286321
879196
408937
1112128
767420
197307
318268
734152
217566
340093
275428
141257
332660
34460
2002566
1164694
488723
820955
1050578
285706
431929
107076
1130086
1541441
574984
252237
217829
2629542
864505
231857
278066
1819642
87824
176770
89710
175079
185110
2376754
3352
1408896
1052575
243155
1608749
277940
311691
682220
362544
296455
2146584
703137
772053
