323181
410272
40040
252899
289050
1491944
945407
195867
2833
58377
28595
266324
382261
69496
1349648
95137
575134
385997
282675
168763
1162206
45922
455521
741024
135882
737757
436640
1471333
33220
1257318
784026
440992
6666
113542
202799
732191
76446
191217
2934325
73672
1600527
253222
311952
1384980
1329033
9711
920313
259907
20539
936
1642665
41939
1498673
694796
1459584
379750
1470503
1819744
1657266
64235
1209466
1509036
1372618
832123
1359721
946803
1575547
282228
211705
104137
1289746
659842
1483994
1458139
120759
335559
108538
2081257
250677
233374
163592
1388630
82508
1166900
386194
735265
136732
282804
806719
189994
355428
2252021
945299
230933
1221585
2643394
1692502
191650
1282829
51806
2496473
796670
1259951
331250
1144071
3960
1571376
694798
1330587
648956
15561
2361348
474460
252200
1365057
256227
1833751
1541657
446
722
68890
1435693
39970
2469710
1380956
636050
450050
1386688
380246
1468236
72192
1780676
272750
133825
193020
963121
646791
441117
2350935
397676
518075
43164
976122
1220408
369237
1012664
1951250
2339383
1625395
33084
2653075
105098
287351
1543414
1873
377214
50534
2345871
670468
104896
890129
374458
2788977
268662
11329
363899
993998
1947193
662036
350250
322849
408214
1549904
440300
7568
1679921
1324277
771072
710835
1644108
38953
190938
130478
2203377
867359
1871660
59198
2214
2175568
296133
2622507
1070214
363798
1618
50314
1049348
389368
2430824
791183
394750
442138
48115
97328
463893
2934500
1967599
1545492
49250
144400
251541
1374830
536992
1686716
1958076
1417876
1622850
149542
1139968
876452
1421591
121824
54754
2422172
1193651
1205105
2999449
1366692
1926015
29132
1293276
2101833
2124876
1600754
68401
272646
2639763
957749
1726427
1775214
737530
441153
1476651
1688905
42555
108517
217684
173257
223846
1523777
141485
436064
46209
714784
433388
248635
2212253
2721256
3201365
1977297
406858
31059
797385
663947
37262
48091
317644
142555
293610
432735
385705
241965
1173902
112410
36271
35552
270751
97635
365227
2306017
1627049
943875
349098
815952
64044
506622
51706
321731
34875
748590
23173
40819
61715
209150
726549
35435
74555
1125836
594424
478423
191729
173474
220954
1566044
265190
2377149
18502
1941750
661322
3151
1096749
92706
126724
361431
1360189
1752235
568949
1346716
551603
436960
2485593
9670
1487710
215323
215422
329268
556996
678370
110947
677892
179432
1543170
107778
321234
194796
1038498
101953
300544
43833
358843
1299741
332353
13813
61907
1660325
330509
559046
76547
1699137
2285907
806395
2314220
1550037
77939
363087
517451
279931
821495
297879
40474
1223695
331041
96218
591626
587069
670838
2112081
187135
1778861
736493
1657157
44711
109655
726738
697329
102963
2062988
43940
570453
2391647
353519
132031
221947
1102
318234
212134
353323
630262
250561
103709
147272
2061405
1925326
1278961
302124
254113
250774
418388
727117
40581
1408427
883152
246349
1257469
159305
212423
95870
1927
13071
2549
959663
1159648
407882
856819
274368
818668
223615
403400
653942
421238
554764
39429
38116
114920
32638
357639
1793015
2145177
2087276
399886
1427477
1792406
1752145
953376
2165095
72153
104722
2325526
1406911
1534462
1213760
172155
198389
129142
289950
2159821
1360146
1669323
205338
860278
97349
2293575
659277
1055376
1131155
2237181
165617
48727
120465
521472
1048090
2232745
216543
43339
252607
1847720
55461
1408346
1284996
553443
1414837
1461425
953042
1411843
657083
525103
1412613
1189115
114133
880917
181955
1419939
94263
76738
684791
519854
449666
231353
1483226
1006172
301368
22556
180621
229844
457429
3718
1435700
378486
290955
29318
286804
2116555
2689006
2999145
60682
141701
37331
307689
649775
670427
38366
2190756
191275
55453
1965087
5288
2270976
713474
2461885
91936
192773
296167
430861
721105
799251
123407
2883697
46221
907273
108518
334731
858157
447730
8651
1913071
1017048
293931
49824
78021
459420
1405932
199924
8833
2123970
1280517
1129296
333084
1335
1824
37571
80712
742705
61595
1569986
453244
786726
2945404
512590
2010
611550
819076
2180370
238693
273717
54230
33201
279175
143496
386963
1711868
314738
1042600
877935
424029
85391
47390
32984
755119
352551
1676
1545078
1940710
14623
34908
312068
2737494
211903
91056
382523
279443
74511
1900425
1236864
44524
397018
851401
12943
227113
662376
2501490
317498
390838
515803
658352
299565
87312
1439768
223129
363067
107774
35131
168882
1626
103737
469436
1398973
8025
1602036
393217
213228
434097
1709542
1613195
481687
901499
174546
168363
891769
248401
91808
2042656
558149
182396
688786
2343004
2527456
241906
354949
33822
2869116
50322
1001486
564966
190749
365129
1439026
670652
663025
385767
211711
90720
34436
1676275
265244
1435643
385302
820293
1367538
531
398596
1184442
122859
134613
1671924
267509
249572
39467
110008
144007
740144
1926464
1240409
946258
2811293
2775749
46004
199754
116563
93610
1708826
116554
295592
126766
766431
468165
522951
802683
756598
1635684
128668
2575507
1428123
265389
100409
529740
1668672
187128
1102001
33733
655554
1757212
2929523
953469
133320
96978
162769
311262
220752
2068677
1845265
2280415
673477
91676
32738
1744822
108227
53849
400553
114527
313764
1150555
402087
1131344
326884
1416558
1654540
3220640
2690047
151826
45714
130664
457950
1764373
615698
1097795
1617980
106768
2655179
1688392
521200
2461908
1438888
436652
92668
746400
279918
34097
299576
630561
251644
327032
431100
798987
1639912
465206
596960
38880
1327586
1419277
213435
39149
477735
27034
20750
60458
97239
707774
387515
1428083
173661
391957
117108
381309
290150
1118121
639631
601449
1983079
4650
62654
108526
257939
389805
259895
969409
485630
125466
2844817
479283
283761
