197
317
439
461
558
737
923
1128
1134
1137
1142
1197
1199
1553
2185
2663
2720
2782
2846
3007
3060
3291
3343
3457
3508
3647
3875
3876
3877
3884
3888
3890
3892
3895
3896
3904
3906
3908
4139
4229
4302
4367
4400
4449
5039
5042
5315
5329
5871
5937
5948
6007
6009
6023
6628
6728
7098
7103
7211
7213
7310
7329
7771
7880
7970
7972
7999
8208
8222
8290
8517
8825
8978
9339
9594
9682
9690
9700
10295
10616
10685
10859
10881
10910
10944
11181
11187
11663
11674
11996
12609
12819
13127
13143
13492
13749
14260
14311
14847
14981
15095
15165
15358
15634
15649
15712
16131
16459
16462
16549
16790
17226
17406
17722
17796
17996
18039
18279
19178
19292
19412
19431
19801
20183
20301
20462
20665
20788
21254
21370
21426
21494
21499
21601
21650
22072
22131
22132
22204
22293
22378
22656
23039
23443
23521
23546
23611
24064
24258
24344
24718
24862
24863
24925
25244
25268
26785
26791
27633
28252
28498
28690
29310
29337
29340
29883
29989
31256
32809
34060
34300
34578
34668
35157
35169
35747
35759
35945
36011
36090
36454
36998
37412
37792
38106
38595
39306
39417
39420
39808
40127
41023
42465
42630
42792
44099
44891
44973
45296
45338
45666
45916
45925
46491
46574
46977
47113
47232
47292
47495
47639
49827
49836
49840
50192
50693
50981
52062
52127
52459
52672
52713
53672
54904
54922
55154
55504
56140
56195
56647
57664
57738
57850
58817
58986
60365
62013
62561
63220
63274
63349
63369
63539
63743
65174
65627
65662
65855
65910
66723
67082
67087
67093
67159
67229
67339
67390
67570
67851
68172
68454
68596
68981
68987
69282
69332
69552
69792
70926
71202
72255
72517
72910
73068
73445
73757
73945
74437
74491
74500
74620
74766
74916
75235
75701
75892
76063
76219
76220
76549
76679
77267
77271
77710
77798
77945
79158
79609
79949
80637
80652
80784
81080
81667
81830
82295
82451
82521
82589
82621
82964
83495
83538
83685
83826
84102
85059
85847
86195
86412
86804
87231
87242
87281
87722
87935
87991
88102
88171
88221
88256
88339
89069
89356
89590
89983
90183
90542
91288
91333
91477
91776
92042
92326
92785
93406
93778
93843
94123
94560
94590
94875
95445
95571
95664
95810
95897
95988
96072
96149
96536
97264
97317
97376
97812
97872
97966
98465
98649
99156
99559
99771
99861
100634
101464
101740
102132
102150
102911
103516
104183
105024
105953
106283
107335
108195
108317
108521
108973
109338
109361
109505
109678
109683
109752
112328
112473
112644
112661
112706
112808
114530
115363
115419
115941
116223
116344
116543
117257
117566
117597
117987
118313
118484
119114
119402
120740
122856
123042
123879
125587
126362
126639
127538
127645
128005
129642
129852
130057
130414
130670
131468
132515
132520
132784
132824
132907
134380
134773
135194
135537
136016
136189
137191
137965
138030
138038
138701
138926
140717
140738
142245
142263
142731
142835
143738
144603
144617
144642
144745
145027
147228
147656
148017
148851
149982
150336
150503
150966
151549
152349
152808
152887
152897
153507
153533
154136
154539
154770
154858
155971
156180
156284
156445
157616
158583
159576
159791
160142
160240
162102
163259
163938
165017
165166
165432
165570
165593
166340
168491
168803
169051
169261
170763
171204
171926
172036
172885
173443
173609
174071
174646
174891
176796
176878
178899
181050
181062
181153
181536
181828
181961
182356
182405
182413
182865
182925
184243
184562
184716
184781
186170
186704
188077
188192
188285
188586
188715
188993
189333
189519
191307
192079
192642
192668
193680
194345
194524
196006
196040
196295
196637
196858
197467
197474
197500
197555
197925
198158
198540
199199
199279
200016
202155
203795
203938
204795
204830
205170
205178
205377
206036
208198
209214
209811
210311
210722
210907
211178
211303
211366
211634
211892
212355
212431
213060
213276
214813
215660
215887
215895
215981
216229
217627
217907
218794
218858
218934
219821
220792
221160
221538
221695
222075
222496
222997
223997
224168
224635
224747
225604
227324
227904
227968
228106
228125
229825
229912
230121
230375
230828
231187
231704
231798
233183
233708
234014
234602
234783
235516
235708
236174
236194
236927
236936
238828
238968
239438
239447
239830
240908
241455
241660
241856
241902
243802
243873
243888
244463
245280
245417
246475
246512
246729
247230
248107
248327
248407
248734
249199
249424
249548
249785
249893
249971
250163
250475
251585
251651
251748
251881
252053
252069
252832
253538
254404
254437
254535
255219
255887
256228
258345
258521
258661
259281
260619
261252
261424
262586
263361
263803
264074
264191
264687
264927
265131
265368
265885
265989
266040
266225
266398
266894
267380
267382
269122
269349
269810
270652
270856
270962
271644
271754
271986
272494
274769
275033
275429
275896
276156
276562
277312
277986
278308
278653
278777
278783
279591
279628
280190
282978
283609
284074
285043
285295
285520
289701
290742
292258
294500
295315
295450
296731
297432
298039
298738
299268
299410
299601
299662
300088
300539
301481
301570
304553
306314
306603
306814
309313
311012
311175
311296
312106
312623
312828
312860
314058
318833
320633
321709
322739
325181
325576
327527
329800
330223
331155
332102
333445
334687
334844
338182
338795
340154
340256
344474
345408
346417
349714
351185
352995
353564
353708
354122
354678
354792
355470
357622
361425
361691
363200
363228
363409
363458
363476
363545
363762
364010
364630
367176
367605
367897
370524
371445
371450
371604
375516
375869
379305
380143
380303
380691
380909
380996
381259
381300
381480
381713
382151
383002
383748
384420
385015
385093
386697
388795
392196
392489
392825
393173
393395
395391
395926
397013
401710
401876
402682
403336
403379
403520
403734
404318
404326
404436
404491
406678
407603
408116
408514
409076
411512
411935
411989
413946
414486
415015
415213
415330
415789
416582
416814
416942
418159
418341
418438
424273
424704
425282
427461
428225
428924
429398
430092
431186
432979
433320
433324
435041
435511
437868
438643
439026
439854
440563
440957
441224
442117
442136
442209
442767
447485
447533
447708
447860
448010
448624
450179
450277
451330
451594
452629
452943
453784
453953
454522
456322
458712
459172
460249
461995
463098
469402
470027
470150
470274
472722
474330
474357
474530
474956
475244
480100
480301
480662
481587
482039
482063
482419
485414
488637
489066
495184
498742
499842
503707
506418
512472
512701
512708
512882
513967
514596
514612
515959
516471
517779
517789
519198
521769
523435
523470
524509
526212
532483
533011
536374
536556
537537
545606
545665
545843
549449
552191
552386
553227
553978
554029
554745
555382
556327
557165
562003
563892
564947
566883
567662
571163
571887
574847
582196
584876
596337
601489
610363
611582
625825
627679
629074
629264
633553
635969
639597
642824
642983
647311
647341
649633
649963
652679
653047
653611
654447
656129
656843
658541
659168
661374
662125
662740
663604
663645
664240
666362
666831
668198
670760
670790
670916
671121
673516
673848
675950
676685
677607
677714
680685
682240
682271
682375
682464
683947
688888
689417
689684
689965
691663
692433
693360
693569
693641
694963
695146
697286
698981
699649
699725
699828
705008
706878
712610
712984
715128
718282
720247
721552
725524
727098
728239
728501
730919
731967
732618
733023
734670
735609
736177
740694
748307
755920
756781
758043
766534
768304
768847
769201
770868
773667
776736
777421
784548
785166
787096
789015
789120
795104
797407
800290
801998
805916
811265
818049
821457
821566
822429
822590
823323
824873
825758
827243
828854
833551
836014
837974
841944
850369
851194
851267
851646
851966
854206
855098
860204
862474
874564
875402
875639
875800
878383
878465
880680
883175
893685
905412
907870
909525
909956
910306
910567
911907
917184
922860
931899
932463
933971
935479
947748
948675
949032
949209
956118
956540
957040
957189
959782
960250
961698
972320
975396
976327
977377
977663
979261
981500
985271
993292
997857
1001369
1001788
1007009
1009388
1010078
1013318
1015083
1018637
1021449
1024838
1024861
1025059
1029973
1031352
1032176
1036146
1039740
1039925
1040358
1042229
1045359
1050576
1052519
1052588
1057934
1059985
1061285
1061450
1061497
1063014
1074030
1074793
1075301
1077209
1082155
1082997
1084649
1086969
1090629
1095454
1095636
1096443
1096560
1096847
1096901
1100967
1102358
1103775
1104576
1104799
1107753
1108124
1108970
1110934
1113507
1114476
1114727
1114856
1117011
1119505
1121935
1123911
1124315
1126207
1127835
1128359
1129636
1130297
1131312
1134513
1143651
1146340
1146634
1155748
1156040
1162674
1163643
1165408
1170188
1171359
1171551
1171647
1174045
1177015
1179007
1181258
1181988
1182229
1184107
1184237
1187781
1189310
1190724
1190731
1190734
1194744
1197167
1200825
1205126
1209850
1214249
1214357
1217055
1217328
1223927
1224931
1226099
1240810
1249001
1249065
1252844
1253777
1261454
1262272
1263080
1267343
1276786
1279363
1279961
1281636
1282513
1282705
1283988
1284738
1285717
1287447
1287603
1287628
1289272
1293096
1294830
1296011
1298743
1299500
1302388
1302870
1306240
1306701
1309030
1313843
1315424
1317373
1317408
1321765
1323563
1324510
1324857
1325682
1326751
1327069
1327208
1328085
1328280
1330623
1331226
1337596
1339434
1343530
1345772
1346709
1346732
1346969
1349852
1353344
1355258
1358060
1358868
1362024
1363015
1365219
1365920
1367246
1367731
1371622
1372670
1373796
1374164
1376130
1377009
1377529
1377928
1381952
1383878
1385324
1387379
1388464
1390945
1392939
1394837
1399841
1400032
1402080
1403885
1404580
1404584
1407146
1408310
1408390
1411986
1417380
1419601
1419706
1420138
1421820
1422029
1422362
1426746
1429389
1429783
1434062
1435218
1435514
1435543
1435979
1453127
1458519
1460072
1465284
1466585
1468193
1469132
1472394
1475001
1476113
1476517
1478786
1479585
1479589
1481246
1483366
1490135
1494242
1497272
1497327
1498919
1498937
1500065
1505665
1507206
1509227
1510599
1511065
1513766
1515472
1515611
1520321
1520802
1522315
1523597
1524130
1524306
1524743
1525280
1525934
1526211
1526994
1531566
1537932
1538433
1540345
1540732
1541555
1542050
1542494
1544100
1545096
1545805
1546011
1547964
1551701
1552593
1555755
1559373
1559815
1560218
1565998
1570968
1575925
1579889
1580438
1588876
1598762
1601847
1605549
1605627
1609585
1610339
1610895
1621300
1624795
1625441
1628883
1634188
1634917
1638977
1640854
1643493
1643879
1644023
1654536
1657603
1662689
1666447
1674621
1688480
1688749
1697411
1703024
1712377
1727289
1727474
1727485
1727709
1730369
1730861
1731410
1733152
1734044
1747251
1747453
1750388
1753889
1754144
1761267
1762678
1762939
1766048
1769258
1771348
1771414
1774542
1783310
1789482
1805959
1811855
1831773
1839729
1844203
1844867
1856148
1856961
1856974
1877253
1878065
1888179
1889409
1893819
1896811
1900080
1908412
1912766
1912990
1925857
1925938
1932236
1951479
1954120
1958385
1958979
1959080
1965111
1969420
1970540
1981572
1989373
1989907
2000762
2001026
2003219
2020728
2024666
2030875
2046238
2060202
2071385
2078061
2087672
2088707
2105409
2106036
2127026
2129302
2129494
2134020
2134474
2164966
2169365
2190942
2203767
2208046
2213221
2222699
2229072
2233893
2234701
2247601
2247918
2249424
2258197
2262180
2268462
2268688
2278060
2282984
2289611
2289623
2289817
2292072
2294206
2295768
2299174
2302604
2302957
2325473
2331149
2332136
2332730
2333045
2337619
2352909
2355496
2360730
2368569
2379221
2380780
2381367
2385110
2388748
2390401
2390581
2394823
2396204
2398192
2398611
2415509
2415990
2427729
2436581
2448445
2449687
2453140
2472041
2483315
2493930
2494935
2515864
2520618
2528842
2535030
2540459
2557125
2561627
2565966
2567396
2574351
2591905
2592544
2594810
2599968
2602700
2617249
2621054
2622618
2630270
2631976
2637552
2638244
2639642
2647229
2649470
2652381
2655205
2659907
2668777
2676079
2677588
2690723
2692295
2692820
2695585
2695890
2698390
2698502
2710057
2720555
2734075
2734999
2762559
2763769
2766976
2774605
2790069
2794077
2813645
2823155
2829268
2830826
2836217
2838075
2842686
2865931
2868183
2878472
2886590
2902537
2907256
2908671
2923841
2933114
2934674
2942197
2944856
2950072
2958282
2966880
2968623
2982718
2984049
2990754
2991807
2992025
2997773
2998779
3008818
3010567
3025277
3030995
3041522
3052842
3061694
3065780
3067029
3069452
3070989
3076103
3079449
3096998
3100221
3104390
3114021
3115051
3140101
3143021
3181662
3183987
3185850
3193927
3196236
3201795
3204094
3210586
3210713
3217959
3220140
3222942
3223402
3229198
3230676
3235964
