88241
215080
527204
81381
296200
1622814
413650
708936
80603
416779
102662
311300
162072
91296
48420
186076
87404
683532
595973
103346
88827
464685
115169
1847932
241571
1128012
1544821
1445243
2905421
282705
149524
483559
457584
529471
120493
446795
171010
182879
327755
1541332
782085
44307
103463
398382
23101
85376
71656
73185
161043
413745
86785
276907
69465
589628
1838922
144822
664065
611561
116658
1311300
92278
1059114
247476
622112
223328
839032
188846
73031
55960
218867
132892
174877
949950
1124979
1042598
1159024
1147673
1036669
296172
234469
234470
400279
373548
183847
117216
93976
792232
881327
1162045
662432
2314945
1239121
748751
257528
213629
17252
74055
87141
102309
159774
250915
30478
1230061
867310
201512
659400
538597
588160
325928
183205
794488
2129331
2649519
436949
86105
2680650
121123
43492
257859
208720
146286
251896
20160
200032
1519771
1282565
866315
194484
1344603
34010
35906
92928
254526
953203
541102
252323
1363560
513341
362797
314982
1162047
193229
104375
261959
363895
2093950
2248957
596961
238659
96407
113581
215697
222450
110567
193305
554748
1130433
142681
303966
412410
219397
482099
219068
2383267
1738216
1124217
443436
742823
363342
1492057
219635
880106
8960
16317
2198723
308848
215468
946942
107239
2643693
17437
88775
386643
372763
104962
118861
1153399
1156061
470110
294988
555238
807016
36657
1107061
1756638
355284
202242
248914
183149
437375
121002
18961
1800062
2060667
331883
33024
578178
2657599
245248
1346162
1020969
88439
195427
1470829
77559
34648
703586
356903
289394
97068
157583
270546
45776
117697
263977
632935
37765
123675
117940
212491
315168
482294
3215603
3312
39341
87457
482217
214324
44467
1423462
1972698
17160
349936
155187
59293
24945
101667
234080
14717
2165587
53973
236613
14665
1636919
17734
2259593
198781
1150519
474492
34850
53247
116587
80389
1014914
350675
1969465
515801
1107477
568673
147754
1333053
145647
1163898
857895
2598533
2519197
1761340
370025
681728
320648
996400
793568
1226547
98074
546633
2870664
1125190
863094
246628
46461
716301
86677
1093101
996357
1209570
1477515
797122
174397
48300
81837
204317
235409
2838862
396754
1630
152003
1850463
644017
214321
686530
74407
260301
285122
1290652
205611
1056373
2917054
77637
441472
754127
202694
306380
2417343
2150860
433231
238934
88174
1067083
1362320
193386
556412
2449916
402051
805715
381707
328035
206592
405242
126563
55726
403224
221050
21759
928341
47632
1285251
557623
1188495
324179
1103484
1428385
1522933
444022
637201
249371
233263
57681
479488
1283788
764404
1447815
373165
715933
507257
2198990
508902
274167
157259
101582
91955
183403
711929
45540
172528
29981
48032
355621
362084
476398
310959
354763
1301419
2265603
390949
109449
111592
141182
457095
70935
2341907
1137378
1816116
521524
38657
39939
167976
181100
88973
456823
173574
365642
227603
1395804
97154
734317
134872
828290
388287
1391283
87094
200049
727351
1433241
659798
367408
513970
1103578
1009677
958858
26177
302404
600920
36478
1625121
236509
241748
851380
120019
216965
515996
797013
433249
1310216
1683430
2183068
110398
230346
2995856
1336559
1050461
54692
1220826
109129
657356
1247990
1060691
329704
1825520
30086
424760
222977
132351
1053783
207248
18481
891174
1631178
461085
291432
405231
141774
231522
1045339
86166
6551
783746
166703
22764
1038618
147741
187604
337195
206279
834370
139606
638866
2772041
2574105
1484889
1127093
467900
2534844
1281837
660013
344769
551371
111859
1528476
192168
846176
153363
2679345
808241
394359
173912
678786
222793
2202670
336948
100986
337179
46819
239209
139345
111950
120243
159847
362783
282972
598831
238619
92745
329317
777143
1840871
1341935
125510
197952
1403790
89408
890372
260849
163737
57629
94339
301
1660180
675966
36239
2459831
436990
44290
190517
485658
1176938
2375936
213464
85501
298084
48601
276872
676404
204105
739913
48562
191753
137288
452322
167826
2920021
109296
464153
215077
40247
17405
58360
51299
933730
317242
139015
124388
191370
860409
945296
8281
172948
963560
2248934
25300
173587
313865
1499984
262350
217730
11168
125854
6910
692136
215170
167095
402672
137243
459634
1686409
410789
56454
670969
109455
121267
190052
132974
87859
784443
399762
681616
1131096
56123
703326
402054
463050
2790568
223714
2310763
445754
205927
15172
2156469
8971
635401
202099
1251246
520001
1116211
861040
162128
349772
126423
47146
1399802
339958
1098820
186962
56672
1032512
1217729
794044
1702447
449677
155966
28121
759065
602031
755193
293186
447524
292559
93147
1964
875049
1310017
67599
325512
461542
523091
784729
804635
660292
810127
1128926
1128574
2387087
119836
166804
136879
153667
161595
86805
3793
1115628
165660
209748
488929
122347
2155370
349739
1935421
102666
96363
109574
50617
102512
87321
360025
184873
43431
1380209
1437813
36761
48087
789499
804095
789566
2152857
1674967
219652
2122864
647362
762118
373439
892254
2953814
701031
196908
1353625
108160
1481642
1129037
308613
352496
321352
197698
463032
63285
416641
1212832
1257585
11214
90262
187164
379505
1760427
735326
1411171
1760424
54522
591806
816043
2323
884891
14450
1177411
155988
93959
1140052
72446
1407551
2276564
497158
2702799
1903494
552520
217981
27266
110062
48599
1684809
437343
265121
1362377
167831
1343710
748310
24221
92855
1958456
921704
398728
488643
506220
344799
680814
165760
247179
398659
750185
316980
7957
648324
432926
195261
71170
213094
1680017
456124
335368
353057
308204
493557
799560
34033
254219
519263
276416
208989
211198
231174
87706
212829
2221729
196592
55495
257532
50343
1093384
337
11822
33976
45937
116777
53924
104838
232137
85654
2992
10851
11751
36039
55660
83262
103146
226830
195748
2254825
168304
393999
1057234
249234
366005
860332
148147
1152908
1707804
791427
731497
303204
1078942
40029
1908186
116585
1180617
1607391
48509
406097
550800
1248418
102883
141277
662368
97750
1390875
1087530
198098
1250605
2693263
2852853
195164
131529
687147
1452644
1254557
230869
993337
298652
260450
9725
49810
252052
231059
1883300
46941
1174184
133828
106146
1445871
2356348
1998284
221441
103218
205817
208237
2302014
1318256
654791
857436
250020
407869
2173930
262192
139276
132245
685252
96576
36362
8267
1218983
1963517
36857
439777
133458
198041
615206
365365
1301120
180012
2336243
168077
289725
189223
326344
171456
465303
668512
2160523
549092
719962
407818
302939
482612
858465
375639
200487
284535
1483618
1560209
1625296
301567
1117223
2945290
689816
389891
422827
2239581
801634
318157
259899
1064657
1325650
516793
34195
129923
163766
324368
482020
190916
233037
101434
35513
443210
95769
169547
541414
6819
61464
383893
274272
672176
890746
462975
76754
2127809
436176
1248029
2761133
1422354
854787
890537
1363168
1346482
1253078
1250603
1045663
86616
247800
2847663
2951316
325510
259591
262633
818492
316865
97644
177937
605129
988945
1109818
1549067
374074
295554
368516
212462
1247533
367770
385496
722159
76838
72266
210754
89287
36623
67911
204571
1166
964053
2194230
1012453
900801
2432046
1171582
118134
275567
166101
461315
2748
288826
271777
79096
46146
16539
178710
100376
380797
108208
2356240
352209
211378
40671
201698
178176
134393
334015
386770
454089
145987
599160
319746
317766
153188
82579
659229
197632
22768
113270
1035912
1115
30088
63793
364196
227292
306498
819181
1471247
1575726
701084
514578
199438
225478
655817
758886
457629
2199050
275294
382872
1151792
18768
3432
2397857
1277071
333638
629252
79635
204518
271
222042
224407
874802
161052
805959
441552
1539809
28771
729933
322419
140987
26766
1254683
99650
164683
7019
139577
132831
224217
860571
694862
33913
922210
416826
2006706
90744
87396
251867
1115540
33148
1082198
15339
