2211154
2324856
2568679
21855
8642
424647
62202
256745
1353799
233550
55175
645614
2376060
3112161
2696945
3107119
31252
871700
2782646
3013780
2136285
53620
95224
1407967
279852
1350566
2352774
11738
23717
288426
2411445
204289
78183
3104855
362569
95869
2301161
3249089
165006
84133
10313
1893698
1282045
2802796
9659
659612
2968607
2773587
1131766
3145149
17868
481513
1653505
10781
1063038
269352
1402877
411583
2238048
3034023
1462160
202039
2767277
1195816
1032619
2939324
548490
210840
1981716
3237907
1384929
410068
51057
51094
33796
2708428
186831
2995151
1040833
1804768
1477249
31441
1479307
199765
31387
73331
146001
3179322
2289137
2749536
3119090
2601635
399618
284084
261355
3219437
21379
1150950
137991
553757
1115179
1120855
2762534
149321
2537057
2629113
3027172
3111108
2999679
1489347
2288264
2028392
2589798
681150
164020
456110
2920240
1659139
183407
694595
1106476
3234148
16476
377657
136468
2560703
1635003
92149
58867
282802
31435
78153
1717951
175809
558432
675658
2533669
2659525
66000
13784
259167
2608550
472414
7690
2669388
2954
2524673
681710
699989
2746592
172164
2121329
1266966
593
3123161
14964
2167969
2944938
20229
95076
1955880
79889
306415
233755
3090085
3124302
12335
93258
116733
3143088
2598576
10256
282648
2009596
2335825
1740557
644351
644353
3132159
1966874
28108
2553
177337
362564
33815
1357372
2647990
235825
22408
2868188
1460512
97175
2732110
351947
264205
3123263
38681
2002675
3018646
3248361
228276
6462
60352
93316
3203040
1752050
652213
432513
62102
9024
3266
259536
1162160
3136870
171662
970066
192762
289843
3244798
391518
3065843
399275
1193854
2819496
1503192
484383
10716
391198
507470
954982
1005276
5490
2847023
45253
2450065
279403
298499
16729
258579
17192
209298
1173941
2390736
2849952
957431
398644
2351045
241760
1493605
249265
2407145
517802
815162
2008199
2870380
2495292
810192
55226
132885
148634
2538580
220305
153457
69854
551978
1485591
294926
729584
221028
77776
2386741
105247
2851520
796473
450521
20564
2830477
441736
14208
22606
1193606
1706911
1631805
274531
2979534
1965646
518455
2344746
2252194
2907638
927120
1184845
1869
121892
1672710
658506
1574628
3215858
79075
1520019
27221
664602
469158
13785
29011
155651
2094481
928408
1267436
81678
13055
399870
77608
1471068
875662
435138
280232
270373
1931536
2344495
1412830
2767324
100120
3408
2946553
1482494
1118727
499371
2059672
3017960
189938
1122
155185
2285989
1628246
1219082
1520817
2841417
2992835
515344
1087097
290477
305805
1063237
113476
113482
108779
391748
261136
78154
154068
432360
214211
57745
191458
200689
9625
7850
79003
12567
228245
155403
2151398
60616
3173185
3099019
17613
1491207
2190032
55998
285760
113792
2775372
9666
2688355
118585
186536
1188079
9934
442260
448725
282994
565181
946821
2215191
3233607
770260
1283876
801127
135381
618781
247924
64964
308094
125584
698575
22962
2819549
98841
619346
212385
3221705
1188609
3114575
214253
208199
31734
297192
3061792
143238
2900849
434105
997792
728793
98485
1470235
288917
2811170
2000745
3038026
2060779
751258
2116400
121096
3026121
571822
328287
511343
166382
352528
686778
225229
155198
490765
629722
808231
1733975
3116502
2680331
77297
2855572
299119
240913
7334
261627
2694
959181
280914
151880
289081
854750
653715
1069580
197351
153536
537960
2765525
270737
1365145
158612
23343
2924825
159360
327752
41419
999126
2423158
2337752
1476547
56004
891552
12924
13829
270859
695523
41618
51399
2386369
245462
119032
3196138
2184177
3140039
194945
3229094
3222212
3220737
200042
890451
285791
437884
3175908
1171018
101542
1062522
126704
928852
199900
600559
289807
142223
23255
145175
76085
2251328
88738
2878828
25597
2605816
81383
290440
849918
21012
1362901
1108384
2439584
1186821
3147472
264453
102447
2945011
122506
379320
362334
888680
549
248182
3228541
3227877
3175356
3251511
195784
1277583
120985
36345
6991
484789
133180
1497512
481926
72176
1575566
2234247
30703
47070
429406
223339
3203187
196629
1013773
195862
2992941
2761620
311730
12912
10239
27412
19959
3251339
2775258
1255061
10028
71966
31139
40679
1056451
1696337
16925
3013103
2387703
6290
2619
13886
22020
193684
1170110
142618
114643
1615321
2158167
2870015
2847334
3235748
3141010
2894701
2847409
1468341
218730
3144455
197810
652625
46229
1198586
2820343
2491458
2709841
255375
2076602
3216527
504781
917472
3123754
863866
439171
260651
358639
280468
207778
3214590
1964247
643071
2015040
2685796
318494
2912282
251158
74885
156370
3220945
3249181
639482
893863
79776
1749484
2629636
103607
1388974
22346
2642942
5618
176732
3089273
1761600
303893
137997
380727
180742
2637
797583
446129
221679
407446
14053
136497
404100
115530
32462
111182
362582
81006
387953
2971277
394437
523916
1434589
1474808
1303004
1302995
2293869
253341
661292
453687
3077963
1216697
3188677
1834544
2275151
317856
56526
400688
450339
98659
2180730
61478
152621
83912
90677
670581
2343839
259061
479880
34897
814680
3147373
102936
23945
6278
2908790
143156
370975
126828
13746
66243
2217202
17741
105367
420718
2426281
3076857
952865
3226111
3244657
2198361
172575
59009
17756
59950
89933
43428
1363455
2324757
1033190
20647
1461151
2941334
2190877
364808
3194083
209022
68636
178973
173378
1771144
1366909
449451
634989
142733
371285
63848
261872
416650
3250159
333238
1471011
1460527
393417
3220966
649642
1775825
2946843
2813118
140564
55447
1062226
3102558
1389279
279305
1951408
53845
460835
6180
3217684
775883
1254065
164975
69293
2403967
32435
19890
63786
305853
2889948
50366
1504330
16259
170627
77180
3250818
3114069
322866
700564
2924157
196255
1640838
129472
1671657
848972
1475493
2928336
363408
13383
111942
64534
3329
3233976
108780
2817050
1717990
391394
708069
2875289
1632496
1626906
648661
147789
46472
2508603
108560
45877
209815
146894
292203
294771
2739247
1608024
1176590
2250166
2612086
1938645
141203
160267
148610
1542327
2476933
2234660
2526235
941634
61408
1866614
30500
3117718
39277
168778
437366
2487387
3171934
248123
1557524
243731
211670
219310
215353
441147
314253
223521
1112051
364693
71720
39632
64006
20180
39637
39635
1082954
3234568
2778262
62877
2104904
61664
14913
809865
2808708
234936
144851
124294
2403277
1136893
1800
199532
8632
366129
3238457
491777
3189571
2643288
2882274
2246055
942646
629322
2922321
65326
5950
1003189
112055
14366
480
154229
1387601
303088
2094931
689869
737127
2849907
1971969
18712
1042082
1444016
416587
1420442
2865936
1136016
2430021
9493
296
4120
61974
282732
1393281
48794
2237283
265674
108391
28576
3250869
2606707
2970947
2792788
1213356
170533
1504615
1139516
2361606
69044
2704884
3100651
2668823
1660187
1947264
216787
157099
469047
685350
110531
5848
1560596
2902573
569531
121491
369734
51573
760961
24625
64019
304124
