8945
436785
482308
538603
249185
70845
734547
397038
335842
303075
302310
112107
491975
87730
86632
948423
67094
636793
433335
150741
376389
670164
430440
359733
933257
205810
200656
21660
456513
187623
1674880
85538
155303
271040
764005
131776
479713
1004306
29742
311242
665592
235271
1100099
333463
220057
80482
50457
1367046
8271
569003
107718
104199
889694
1422356
780361
2908152
1680075
1379473
126026
211468
331127
645472
22101
873235
50473
88786
660015
396303
2778152
181018
268738
348896
276795
259972
684426
882005
29044
102040
998583
311382
172708
49628
280735
1369580
554403
781772
405568
701897
107097
75879
1555
205096
434038
736416
367008
3054689
163168
794743
2273562
693348
1423186
103372
351105
232336
672581
25698
1382739
1883663
299562
396375
120743
339796
2126914
84800
662045
331764
2245259
55057
9821
2294535
841355
363392
727166
256032
65003
196358
292370
418335
304496
2186351
615779
456326
249020
1057817
13249
189635
17434
314164
403688
77515
62308
21806
12230
785435
2520746
648409
28864
62843
799484
748139
784092
908168
873973
129318
648970
1434713
1524075
1599297
689014
678765
611629
93522
69350
814740
133686
344182
377868
34046
511568
322501
1403645
1155339
128905
824361
1190987
94981
829412
478031
163249
1155119
34272
223252
454184
232963
1316262
366250
136416
204410
1036279
1130535
259517
1437011
135413
1635725
2101477
2252234
39799
932130
1656921
71497
110969
634930
1401829
1195324
154483
96979
286852
1103530
140227
6161
1150301
1614544
443369
20213
188721
733888
3940
1400086
2725788
277451
2816601
97481
241658
1603348
2643751
200518
392605
174770
967514
92999
469185
134079
507604
698828
677436
1391337
318751
51896
297329
436111
205660
126066
104770
336661
963934
400159
1327821
392432
207381
395096
60903
3020566
110376
412144
557581
57969
956240
1967382
1100768
94948
194911
38877
2993383
121354
16265
961885
961018
69218
561074
136975
907312
105927
2485355
44037
316063
734542
715151
1069718
313340
275375
658258
766532
189981
375421
705577
2999
2553587
102674
1090879
9445
87635
115396
388168
71190
640787
629827
263461
166413
13998
70895
723897
1133185
2384015
2207605
432803
417316
209130
681458
3056229
894308
658526
519634
1097182
55183
455100
2523
80274
192043
309190
626547
81874
1124693
293134
583175
2232531
661365
639435
845507
845505
1466807
523554
278763
1095316
10100
1235746
1107295
772142
165709
695792
41491
47337
2115
513315
396709
1856014
538776
2204121
187174
33888
1316430
478062
1735992
235060
392382
32175
106077
77089
217604
184604
236262
218905
716298
759932
1050130
257244
243885
196933
171512
18540
56077
682736
1168980
418863
672486
1245617
819560
55343
249083
215979
663736
67999
9080
271301
2409113
101440
163782
455257
390606
160851
1850698
891946
2395930
1450469
233731
1807030
225660
121624
654170
67984
110354
139755
1194774
1175
1439900
1700740
404382
127780
211522
318532
8908
843892
614216
98116
252883
14706
75632
302335
45759
73304
2574976
121155
20959
381353
2640331
53087
216853
1391524
19706
862263
1559886
684505
239446
3449
98009
13498
88963
109976
953106
740406
605633
94978
2481449
58553
1373222
2022044
928324
332100
1639704
2299280
2106742
306975
697343
698852
71261
314379
235428
2229582
600694
2015363
40755
1106920
216619
1297706
697577
246384
302522
730652
26953
1035487
751126
48787
651890
718344
1098374
813179
1348917
1177127
384236
2084332
653464
68786
670656
649290
1035592
214850
283650
767850
13760
5987
60854
192438
178009
222565
40615
92083
607920
95051
2016780
117190
134621
1110045
1008205
117047
96809
29640
377019
197372
