19584
1179099
114602
108052
20794
59612
63804
480593
69045
131017
1029123
7406
1153210
378265
1359002
17986
387427
46600
201520
382844
1310681
225664
3171
639810
446159
889738
952463
673460
2041432
45904
210858
90858
894296
42306
104150
11351
749378
100237
37727
19234
14029
138734
2167728
2693444
103013
210281
98027
101614
216594
1368
173552
49488
196234
5424
419005
890481
173320
15390
130807
314526
29427
12641
132420
32288
21910
11723
35689
393783
957549
135439
38903
335469
392607
531747
976692
254442
1385888
358968
382200
549394
132220
1363
100199
362303
1620386
244319
188007
78057
82928
670326
109970
163855
35194
17229
85475
57635
1434497
321242
699051
198485
296820
373484
113611
1099344
1075204
121097
40006
59064
38802
75396
401357
36501
315923
194966
260427
955018
804939
36094
152488
456033
34846
115717
117637
952267
2367917
93187
138569
47627
101634
110381
342542
59973
171647
4332
429469
335554
8105
12369
118204
580
73122
2746
112227
202483
131350
407941
34231
1879
17636
18114
160665
320615
62680
385106
2398473
142747
390983
1513446
191619
34590
356260
110777
384503
18131
648769
54594
382757
294662
24175
34774
75441
100388
24532
192357
37541
63924
197809
78516
11357
96264
112
21750
316047
303940
46015
954923
291750
102213
48023
282702
69170
1157
699089
36028
120842
691434
5104
293738
491
40912
156060
663871
329700
1049750
161702
96179
147565
437336
136918
428759
2117957
1358747
702246
24561
2094652
1385685
1153413
42723
42746
49982
197524
157060
695408
147467
25904
786856
85906
561025
169933
407870
1639983
353577
17601
453711
696212
2652613
418420
318423
400790
114116
49689
48604
189917
212364
1041389
79965
124258
24588
114042
91352
2289655
18094
2751342
721799
257749
1391908
1391810
392154
520753
844868
946750
328203
1542499
2581380
67710
43543
94090
159857
2264
60461
12074
160492
41009
664872
160458
37666
914
1516512
343310
181135
28439
224957
137032
683627
213027
315590
35778
173332
11047
256579
707658
1157407
1582265
2249059
28644
892487
16014
470246
99138
318959
754811
3476
23549
223486
9664
336132
295947
127233
1330444
31439
82775
3485
256535
51653
115170
472560
264918
410489
102480
270692
1152393
768547
1281656
1421803
964630
336191
1218527
39271
193805
562875
855950
543084
146230
217278
1811988
657591
2593433
2647035
2519351
1172209
1548
261586
17253
212986
894404
1843889
36396
195959
78955
349697
444374
552271
201501
434615
222128
5362
11166
7056
27325
130783
728585
30751
524420
66902
200954
217908
258186
35567
14431
1237321
199961
75040
133933
1049482
375370
1897649
695593
667233
82620
779795
192033
26179
191097
198058
213534
117492
1984675
1671246
36224
314783
2296
67019
426964
446502
1150802
104411
459794
291281
71257
19864
664035
414368
2021098
209156
176700
1367179
1100820
277289
37657
154378
619681
910292
702605
5067
61821
253385
2333
124506
474075
34312
383310
21377
233192
425413
786777
2874
3225752
10681
680673
3609
101474
53267
114021
18764
131770
294200
92516
181371
87386
44414
4333
222745
362082
644655
92328
47162
196645
132783
218487
164797
84234
475036
138424
45423
644275
55805
45155
469093
1184548
154586
60606
338149
181948
376461
520120
64605
120908
171467
201671
403142
209916
201516
226307
3222887
880701
174666
135253
369429
54401
18953
63899
1058496
92337
754632
557572
79594
772519
1747330
1345622
43574
72262
122233
16928
61007
6117
73402
256849
48911
38139
1170695
2405265
2135766
22627
732138
28951
681049
60103
17896
2789154
211702
403001
19313
1879365
40721
254152
682030
158565
442869
169736
169753
353999
8727
25942
55360
557865
656246
345493
196033
460417
160806
394044
403033
452262
512541
124009
188343
667206
756136
58350
255856
2168396
664410
225032
2695874
102333
198059
14891
362865
19877
8948
195366
392269
692427
1994763
2235152
713199
696807
286105
42314
191260
155854
373773
15213
1380750
197787
1403579
27548
39308
2350322
1302892
136385
618995
102318
136177
2610
60551
13842
45662
457319
300
161777
1425358
111091
729710
258690
128480
39782
34126
37840
718636
2375740
1259634
27180
1430701
399374
1489449
24603
58124
10822
112889
1551
46856
23167
175185
96448
1966897
1424287
63614
78518
361196
181872
198907
2336565
1836613
39924
4895
29276
278574
1412455
441027
39368
137381
1349925
130270
120690
132166
208802
1665901
1219726
1318761
727599
1762266
650938
866805
826518
200957
131379
232986
41331
29816
329512
205950
213560
412362
453983
2521851
13426
37849
193460
204607
68462
673127
252686
49994
83143
118947
127011
160295
1114449
1491387
15475
371911
2678754
686298
1150318
2697436
1012625
1217071
850566
38520
33673
822894
344860
257014
1408772
367207
111994
241953
60945
246373
152260
17951
13320
1875728
1632272
1117363
54657
2170631
39062
2361022
2498209
795694
1475995
2070748
33104
2649673
842458
164
92541
60845
608676
195987
179982
46972
281014
355756
161182
1530692
440639
94805
48171
254571
55904
450092
194353
86319
81923
698776
1894012
222722
222747
191
641233
183614
20728
23560
155896
609044
732245
212445
6305
330894
68868
173238
111400
15195
721403
2384355
1903667
22917
464428
211868
215918
35739
2813
490219
675427
256414
301171
194928
108
254418
11545
282646
2171076
13823
212071
23381
182023
514126
408495
293673
9991
16565
905344
1953
2615633
54305
1507308
38704
765
410190
267911
2362748
30028
701913
1389378
458888
688520
450744
91387
105221
10425
328232
144958
1534461
154380
49766
268970
393213
2795
50453
100166
154538
113407
80847
191324
2271286
8322
113291
1990878
340968
217656
142415
85875
317431
275744
658579
97965
310765
1603311
31019
439899
726523
123069
174183
366136
44739
652
93662
104939
258688
276853
56420
37448
35832
210764
58133
356319
1507331
95724
101858
882644
644703
344133
1612418
76886
1471966
387572
80217
278320
1098966
162044
697673
451502
34585
312826
451463
20439
33991
225438
593416
278269
282393
39102
134926
698788
213594
649467
21497
226075
6913
112667
153411
295322
38198
318634
46593
443556
1379710
773206
1290593
138451
493358
406775
365954
157630
1214395
1414265
561103
385297
78499
477066
2541610
2428214
3014772
1474601
2166330
929749
737053
12127
1427
848980
34738
89342
808711
519352
67185
1703075
46021
545319
63667
206603
7728
18362
787074
82838
35998
909994
65840
138117
448422
616320
1764875
2372563
2732425
1187919
734429
927835
576566
5654
561185
476971
76490
88856
118934
163670
95938
111718
131370
196627
75596
383321
99749
39320
603984
248955
67586
381439
410432
398897
118
138314
931185
122320
21018
435447
1249957
309747
870250
110422
1805833
448846
998111
424670
2573191
820865
332308
232496
41003
153295
142430
89521
39092
27958
16226
1136
39446
119813
150390
179176
121407
698397
74113
5752
673
136727
2626004
15392
255144
639946
320941
366123
385135
2521876
736120
658127
177892
763116
117202
1217178
208993
64873
102691
295108
1531115
88424
214678
45749
553966
227506
38761
681246
52973
105893
839681
430725
718434
77439
3711
17428
25449
5374
18945
88362
194882
819884
832724
313919
217550
190553
117034
260322
80790
416012
319555
208463
1367560
375196
72821
5477
350882
13528
66843
130373
65614
50018
121372
1535478
402088
99802
128077
