498
1867
8654
17012
18897
22648
33000
34317
36569
38906
40185
41682
43036
47722
53915
55851
80093
90702
91463
91707
92280
95427
101508
102957
106162
108509
109413
111554
112163
113218
114864
116652
119403
120414
120488
121679
122556
129456
130647
131214
133234
134249
136347
137889
138048
138655
139010
140600
140768
142162
142944
146275
148727
149668
153227
154116
154128
155342
155702
164836
164848
165223
165536
181894
188444
189143
193718
195773
199822
201331
202112
204469
205302
205414
207727
208680
209771
209862
210374
210461
210633
212772
213187
213842
214167
214672
216813
218665
219082
220166
220377
222249
222736
233398
235914
241765
242006
242770
243752
248417
249982
251128
254341
255034
258721
263585
264924
264975
265108
266770
266773
271884
274004
274384
274750
274895
279708
279907
281714
283083
284200
285100
288835
292084
293250
293500
296308
296470
297525
297929
304175
306849
306969
307356
311072
313858
314912
315383
315609
315801
321387
323077
330812
330853
332336
332629
334312
335499
336438
338118
339496
340009
347354
351488
354851
357157
360419
360559
360988
361585
366635
367289
367765
368105
368947
370802
370914
372893
373246
373541
375400
376375
380726
382688
383894
387137
388891
389039
389165
394379
398788
399897
400271
400706
401926
403131
403149
403714
406059
409913
415569
418978
421568
429693
430974
431460
433236
434001
437235
437662
437861
438197
438965
439524
441095
442690
443865
443940
448840
449261
449975
454649
457455
459560
459610
464905
468399
469262
470687
471938
477100
477493
477540
481199
482222
483150
487928
504734
507649
508749
514762
517056
520668
530808
546741
547123
552348
553366
556417
559618
562964
570854
578885
624023
627180
639681
643889
645147
646151
646328
647439
650407
653154
653410
654640
655492
656334
656814
657541
662557
666834
666919
669475
670654
671687
674078
682643
683726
690903
692871
693983
698724
702884
705708
710157
710212
728723
729354
729538
731555
733787
734629
735676
736909
745122
748988
761592
764030
766572
771852
773304
774584
774987
777968
779853
780138
780286
799755
822694
824854
831581
831792
832181
834682
838857
842284
842481
843296
851448
852083
853046
875261
875858
889692
890625
892363
893990
894431
895978
898816
903943
906397
908693
921002
923108
936746
948262
949110
952892
953365
955421
959178
959440
964288
971016
971702
974427
986784
987252
991667
999006
999768
1000690
1011645
1017432
1041905
1041983
1042654
1045087
1045512
1047691
1047813
1050899
1060156
1061178
1063476
1069759
1072211
1079033
1104516
1110242
1111770
1113924
1116233
1127206
1134899
1136389
1138123
1138124
1138125
1138126
1138144
1138146
1140896
1144320
1151600
1152615
1152659
1153484
1153571
1154104
1155201
1155761
1156026
1159673
1162498
1166917
1167389
1167585
1175298
1181215
1189980
1191585
1193672
1193803
1195129
1195236
1197949
1201838
1206708
1211004
1213606
1213979
1216497
1217618
1218168
1227555
1230674
1247656
1252257
1253584
1254292
1276816
1277565
1284792
1287169
1295602
1301118
1305493
1316842
1318764
1321324
1327082
1328664
1333644
1338516
1340670
1343195
1347971
1349321
1349447
1354237
1354683
1358989
1361490
1363289
1367299
1373563
1373863
1383395
1383550
1385548
1386232
1389767
1399673
1400097
1402984
1403667
1411236
1412850
1416859
1419258
1426123
1433296
1435456
1442505
1446049
1447094
1447650
1447784
1451728
1452940
1464148
1472280
1474981
1484801
1485096
1487383
1489037
1490532
1490601
1490785
1499721
1507277
1507987
1519138
1522502
1525972
1529767
1536268
1543611
1544280
1546356
1549775
1555045
1561404
1565538
1566495
1573198
1581645
1592004
1625784
1628555
1635652
1641150
1656590
1661899
1665155
1677746
1680422
1684486
1686446
1687586
1687869
1702143
1712101
1712387
1713505
1716359
1719853
1719866
1741160
1745459
1747045
1752248
1764722
1772955
1772957
1786928
1800253
1812262
1827444
1836471
1860498
1862367
1890266
1897857
1899036
1924523
1942567
1944561
1955579
1955813
1957098
1971317
1971760
1976278
1985183
1985758
2002221
2002227
2002469
2002533
2018380
2027206
2027678
2047530
2058017
2060694
2062231
2065811
2079250
2088868
2100616
2102143
2109745
2145429
2147876
2151824
2165674
2176411
2176927
2185207
2197341
2209482
2209835
2218402
2232950
2246186
2252752
2257512
2257513
2260672
2263591
2265215
2265350
2268011
2268687
2293205
2296279
2298664
2319663
2319667
2319668
2326665
2338415
2338581
2345865
2355210
2356782
2367313
2389633
2405323
2420425
2425651
2427156
2434826
2454490
2468526
2482550
2506079
2515190
2515359
2537344
2545635
2556583
2564883
2568319
2568399
2576144
2590969
2602773
2604974
2608063
2619489
2639146
2647156
2663813
2673228
2686956
2713288
2721865
2738394
2750455
2785235
2787160
2787901
2789189
2791479
2800693
2811119
2841937
2861191
2865326
2878038
2909520
2921051
2925434
2942672
2952731
2960723
2963150
3002756
3030298
3032212
3040263
3053814
3055659
3073490
3077514
3086919
3087229
3088609
3089603
3094981
3103189
3104090
3107591
3113265
3116533
3127837
3148276
3151159
3164452
3172621
3177491
3186022
3186053
3193367
3202567
3220948
3223552
3235297
3250238
