190617
34606
34160
344473
184469
1116389
2232775
2271538
13246
139293
135568
1212464
1262189
130241
2551572
2512812
2527982
2807040
11083
335704
248
819533
26322
17847
776466
333260
117132
633716
230163
39044
563285
2277723
25871
65650
289809
551390
29583
327530
40282
1687357
353797
2154430
786124
107992
129724
408038
298761
515587
59066
381477
170202
2708392
1297528
2199710
334057
90242
644865
20243
135449
866960
1023557
588033
147461
2261368
80048
91062
63498
2366359
2298253
146234
1473022
1305616
56348
789328
449596
713688
439513
19644
326325
147830
46676
211946
11365
1472354
513706
2019595
1054514
49281
1938592
404322
2760694
654637
680322
141280
140943
127879
77099
234191
1154352
378007
676955
1844326
78954
162363
447301
259552
134445
267388
335920
2303237
124756
1357991
2588631
798951
1321508
171441
1307804
1325367
1691639
185060
461112
305046
54172
608288
20871
929023
687975
421615
195376
2048775
2291417
172111
42957
47975
1129691
1041878
1189351
1990630
20868
134040
946502
1117830
2494296
3047596
330774
232320
125443
233905
73933
133166
687914
353808
858218
481814
2422186
639050
33630
102848
117428
6024
1455521
5846
139638
22932
494806
1251202
1246539
1282074
313787
385386
13765
22300
330935
361707
366634
187639
563305
646811
2166096
388427
25198
1947851
1406059
466932
3209479
2689079
545721
685874
2286716
2292783
1036113
211703
1996
246585
650600
767615
145183
1051022
156871
86667
1306265
1212454
110212
101888
107983
113531
126164
127259
252274
7585
125879
696243
215176
65402
241628
231376
1374292
940702
1102505
147168
6191
264855
2884
686063
1359246
670590
451168
1749760
1395848
1237814
1917367
755812
794276
169875
107471
172715
126539
81728
1362439
691400
359699
183099
2059316
96260
4426
15202
257648
344370
676829
198017
200194
242523
316341
33207
3217411
73000
31294
170248
175831
369060
794557
248674
775896
1393436
384240
165614
1013806
6183
79319
46883
541804
1689947
2138
109532
41484
202852
1537325
2801900
327826
164014
31834
80130
1245
146188
296266
2448620
137493
357516
303242
559377
725616
728375
2749789
2785295
361225
245304
169972
517854
481826
372937
11863
189940
85150
209288
359833
74045
141896
170364
517353
35508
232270
822439
37101
402802
333768
164367
1299383
2606989
478886
195824
674849
143633
209686
102387
163731
46434
1105183
528134
20867
1114512
1400928
196422
34870
126901
236870
2546801
1050798
335351
540948
781651
2778208
2662816
1191522
136274
684692
684795
1238656
1654622
196429
246502
401566
61029
78628
612943
286546
330127
245395
392201
1103992
198679
17940
8549
818121
454210
75417
24453
5946
35008
239592
668633
995367
104861
2630636
677731
208777
74179
75353
1364622
500288
277708
2987708
39233
997536
2403024
2060328
858544
1386
153383
20845
931281
382938
43146
1626312
5944
1055049
2636026
14103
271988
230822
647133
200365
1919444
1919447
1919448
992237
1497088
4909
2455998
1033786
945736
168366
887618
1357244
1468873
1051886
589479
2701649
1291073
650231
324310
1281838
2561592
1253060
790686
741751
64104
1625381
176153
231161
255066
8041
279057
473785
2684243
790272
2640245
2639419
2578626
699448
1416343
867004
1274
190785
68434
211863
106630
370026
458967
312133
781395
1171046
2997269
146460
2489830
22832
131416
150799
385151
147747
204078
39130
482440
102448
975606
1979757
605084
2575941
960182
20014
6375
16433
285997
2576089
2576105
75697
107413
128681
131308
134325
158355
168438
222558
230799
652088
122791
385463
86349
244420
2911642
154744
226867
375125
23908
43522
2720323
470786
736610
1949509
19256
14095
512052
1191664
1397289
779457
95731
253162
2350451
2300716
60904
388831
220468
998947
398052
270914
1505823
274160
123257
114415
1146772
117482
9605
18096
67861
159862
2608337
11655
2887
246390
541957
941762
551176
1288399
2589105
1094535
1748781
1191471
2403442
218052
349489
46839
15167
204035
282894
178175
387051
57153
109643
267026
383377
376215
2728273
106337
254848
2027520
105520
30398
1238
13235
47770
56805
70004
74027
81890
86563
221545
252122
372450
1372617
383887
1190
324133
656707
683396
2852764
34061
445022
407346
296564
6538
256245
453789
590918
139158
12344
45060
6202
1086772
64551
172759
216482
2873514
1550180
1125608
1252987
658720
855395
1397633
2631724
398406
1410823
319160
101945
186546
6626
130412
81800
82840
103757
28258
178832
397839
1363694
231031
273242
956165
663956
40329
2158870
996662
1805534
75610
274288
345226
479605
859058
908909
516449
1137426
215578
317363
907781
11363
626983
1619846
32666
2651416
79201
1374046
2359252
494801
33334
2546219
2350581
768072
161361
14099
1836246
643903
391495
618636
1194749
2019570
269752
151824
142605
203906
291690
1125233
250557
649590
21277
66586
699235
2434135
291204
389266
5643
113442
156292
730600
25732
48468
172705
135030
168821
355736
404114
384955
1111957
1600892
1675450
127473
160697
19037
389662
210060
595668
247580
485434
2572877
597264
224594
89638
83591
674188
376786
313350
105330
162200
403475
50600
276432
315645
696345
216595
780004
834529
22842
996515
593597
1720062
221024
42035
2042940
2278698
704414
206687
1078863
356144
2779328
2663111
189317
810143
1005547
915905
149488
178503
362713
147230
398845
6925
405620
46850
214977
178546
216456
731511
83021
116001
1057898
280862
272253
36497
58990
688811
200662
458838
209101
667517
25230
57905
29454
1367563
20340
673789
1077184
216545
660622
415864
1123043
13936
5398
282184
68730
415005
665686
3023988
139382
4710
121605
83156
349524
233496
653596
528870
397049
1110168
397048
1966749
1090614
1090649
1211118
645883
2065267
743058
675683
17028
2892054
102347
345218
332067
98851
2531429
735661
28626
281886
96928
213939
206203
46619
2215051
2277728
474936
735633
618690
3115
294015
1129200
42985
79394
448197
148109
1050298
6025
1037
76567
318225
251071
67338
559285
438598
728861
231220
138823
434757
2881692
1107485
368937
920553
357121
549487
2371399
395726
1232
56528
62869
110663
226857
997237
162623
235237
1036769
339070
107164
280281
1079026
21280
159065
2425847
2495307
1301780
481212
549415
278412
1460293
1472847
129303
480429
556880
565631
6148
42979
132733
138807
11430
197656
25367
874091
18925
247157
1340566
144197
1096093
1828944
266721
357645
200392
358083
377652
411083
3719
63863
729005
296676
211368
10768
241735
207389
357698
312958
102204
147411
604284
890683
57554
57906
114086
190136
165386
163550
32933
219954
1458171
160151
110635
12225
448402
1537645
16848
2786152
97305
12677
1536883
44392
2567431
2546293
2861827
1046503
32228
58267
95276
27082
457947
378971
444653
2498671
188691
62840
448683
7511
644629
881292
22771
466315
2150327
1692861
1354222
413903
1154914
114912
170222
2208120
187945
2712914
56549
516739
494010
355943
365987
318704
172671
230743
141389
2300499
204772
37187
1408460
2294884
46546
165200
39720
188666
645779
321073
285371
783434
618523
639351
23114
421394
814888
523530
21036
109886
127902
157744
164516
170786
272615
447164
1844822
134785
360248
142825
2235421
2330618
151542
180960
1050218
560185
1514852
7195
133694
1990
811958
124161
203610
209772
225292
1074371
18996
60437
74099
1934
12108
93757
136244
112934
351873
201384
214403
285369
518832
311645
32941
287584
1179605
8657
168144
301678
15201
898727
364578
168501
507320
93542
1206069
2407901
1317719
274347
310582
1367566
1994
136649
261806
87904
95569
101839
105632
110829
214976
37943
611978
669017
35203
175545
1381929
249817
2854
670194
320125
478084
2237274
2288907
960306
112854
653116
1159525
47270
78978
1152087
52589
150843
163758
134265
1068748
197659
64552
149289
101643
1474356
443786
349458
646453
725653
104107
132814
202975
24974
1162037
749693
876126
208209
1091812
119729
51215
746903
440832
246871
784492
293998
971508
478629
346701
301254
44885
62129
776079
532002
671855
90356
292460
15295
50616
2327521
121658
892664
431639
363566
761586
551247
551298
2892761
384159
122266
1358
102846
791235
3122605
696723
624281
633572
839687
856891
622709
790951
96826
205145
2731583
1111766
66581
2084716
242084
105715
403011
123248
365260
28623
7274
330516
14520
298226
682579
286130
943963
2724394
2019610
215912
252083
201960
416574
1125768
134115
1836807
547723
483112
643526
1931182
578574
1062793
1422337
133665
244931
1343855
339115
243033
503577
670566
1358582
124646
1243275
2990625
1633506
2099237
2146617
1654350
156288
548901
591072
574539
2357338
249537
31868
128493
2948001
131995
655293
31796
182696
748268
635283
1037966
231311
201142
98057
2349
24975
2574575
17541
116338
565272
234453
1534
26796
62252
1050913
285709
2996799
97575
1121600
117409
2893392
1013905
69850
789056
663779
433578
1551024
1039580
1499390
190304
50826
2085
1364666
1365940
2239397
3788
257021
20011
553886
216552
126776
102699
190567
250444
251925
1342277
173133
395205
775330
177928
216330
30780
366539
2062112
186386
15270
191188
159058
2224315
1106460
139880
695096
176872
167829
36342
795140
349384
1222931
25509
2430463
55382
100021
140328
1103536
163573
1181775
1111506
203406
731451
86402
36234
117744
98198
981531
1101254
251022
2101
40243
163954
194355
1410
390287
364202
168732
183701
950382
