33395
53812
51627
1162311
306204
180954
653014
98119
133378
404957
95779
1172121
2005
86708
33826
221261
1979552
355517
491766
3091541
52036
299386
143936
91413
310679
132664
69932
1896236
691809
1403199
1306059
749929
316685
457155
203259
730117
959148
44413
197678
48360
166732
1209560
464842
2008748
478513
2427376
695270
250711
311157
201472
2862489
223929
277033
305281
392033
1148792
307342
2577005
1567055
92401
1032852
1860224
1546472
1308357
806121
686713
424939
712025
647079
592450
1499373
214727
1256634
709822
1700896
281742
1601951
757511
477652
1625188
1135938
254165
379094
1042622
1749228
38375
127316
1956531
187586
1371867
1416984
2915464
347426
218747
331414
37365
219284
286888
281217
102923
625947
296784
689990
117214
747192
595271
636720
728788
60116
19347
246720
341453
2254117
393558
247918
1090612
1966855
958766
2507836
272783
1068534
151983
1125068
46008
891923
1581773
373701
378650
1078664
3231585
1103675
667649
640103
508737
220320
373298
374799
190321
1181047
819750
138460
810655
3190170
1139624
1082910
641673
275236
199695
405308
430358
2084480
130514
1048568
555858
1418587
1045506
1135879
236012
1586355
216503
96954
162281
318782
46127
558017
153780
149017
138678
115545
426364
742282
233917
1925304
1189476
1001934
1313040
211927
1618144
177689
382969
2550247
406605
452284
444950
363225
1606880
2209219
948406
298338
139033
108503
128839
316863
834921
198883
288957
321442
1643520
34396
91857
1176370
123230
1678502
360295
165746
129583
1367697
243881
72123
2169888
2021952
814093
471372
2624978
163264
60300
751626
1491268
115010
3264
379240
816993
1411438
1126868
780235
733844
949020
2226454
98846
1340178
694606
1287789
314241
190024
1135891
837697
677859
192493
1475380
242465
146842
9427
10158
9819
2350749
11638
249783
157988
745529
947445
1039775
2446627
2892631
689238
1215063
1538220
479037
119152
446863
2665899
68044
2310094
455208
60738
893143
79029
1327212
375145
163948
86768
2194799
161953
11442
985443
711219
265114
414587
161967
2296833
44249
676951
133265
324420
835825
1421364
131599
305191
1440697
155593
437403
1518966
614423
236487
1412942
311085
352175
433865
376603
849479
1989444
471333
2014552
743848
2795717
1658603
438069
1835484
42380
135204
2578771
898284
629427
1873564
289884
3167796
1442408
1337121
2763988
884832
63688
1545075
381673
197219
75013
1188049
3028828
852235
1184575
605676
165433
1057656
1116974
1185548
1144699
147671
765124
1372499
1127212
163705
652098
136390
123428
846484
460886
1958283
381942
248586
89000
22995
555788
1174504
741592
103283
148856
15860
62021
591777
203002
89129
91330
1373258
1165375
1036903
230405
1705731
153037
2173507
217567
166396
385817
2209104
1519925
774506
2068769
284607
214815
87161
1289671
473860
989912
35224
894910
290987
1377031
352669
1198906
2297754
217992
558702
613084
956083
235738
95398
102219
1234409
2567560
53132
234040
493045
136894
253407
607983
890541
2165927
3148173
38196
286336
2051500
1079228
2860827
2336576
1730328
392685
1798995
236373
5134
2391590
395565
347343
277903
409092
463522
89103
779496
66007
3244
742034
297895
97599
1517331
1346743
936917
300406
358941
659341
241714
121402
860086
2309167
2208132
522999
2300095
547877
272876
218910
302465
672831
604497
118121
1429864
1290838
736943
2698696
193465
842067
1834906
461498
893798
416875
1625923
940393
3139055
417905
251355
244657
261516
498407
7613
7614
1061812
1189740
62828
192187
810061
508796
1962134
1697030
2944346
1059362
1826812
2619906
286577
565740
1307512
242405
1262605
29217
50170
249965
775406
127042
402985
430374
2541634
405612
398518
609059
42675
172556
374745
134549
473862
152737
1106957
845344
706466
447000
38798
98456
58622
459812
332443
355117
288086
258160
523858
225551
1529070
998090
696533
56954
512231
651146
427796
653284
876526
1439338
1201001
1412294
2786
115239
3089767
1674
318471
644583
2395904
430814
342645
1485909
1411180
174474
39701
38790
111350
265105
385180
2445578
60188
2598494
1060528
666860
1254614
199216
114672
1330762
516584
220178
194804
323879
27757
271478
189015
94365
1262183
466458
310131
963585
351799
967923
154736
600731
105679
812051
736327
661712
1017553
118717
31839
187193
91979
1014699
821825
306793
1239148
265185
361421
1882903
297698
205290
764319
1908719
1027767
972562
1200160
1747739
664682
104780
124389
209599
355793
678047
352325
302137
1862054
442045
479668
124270
74733
1399241
139369
673954
212049
287067
1168539
274828
2686
59587
109237
772721
1135202
192319
1892984
300002
733663
481041
222049
764
679395
270558
257183
858225
605052
787308
1390489
16893
120087
1187448
873483
142746
689911
1013382
1639652
271712
1531917
199589
1251989
279970
520202
514521
251645
602648
684201
130079
331020
366642
426096
284906
366100
371499
282560
669646
803379
2302441
798892
1438929
2440061
121130
702132
328221
1459291
897689
57560
1128690
2161919
1775831
337188
195638
179682
1155900
834302
1399782
3035089
745290
158630
1852511
989330
1751753
899407
551875
235278
1242003
2786775
208889
716076
1038
438737
389371
506868
992477
2682865
970091
982307
2646699
28192
95200
1411227
23718
178169
399596
164717
1058602
103621
399512
357088
314116
693389
171676
92033
123520
110045
1063929
809636
313183
2028514
2243638
42441
660429
617570
1657554
1875833
2824300
89476
403838
82202
288482
448898
1078497
745016
280071
3180256
373513
690630
104648
334204
148320
2594365
192843
226986
1753945
49894
916581
205114
431692
689540
174098
1452835
48139
158130
2348346
2647233
510638
1116126
535032
1109934
168987
2803023
274604
9379
1619
658871
226905
2458071
781432
32737
356182
3055583
823483
718642
1106294
1433
2654041
211014
686904
2382166
253554
395782
885247
1262761
178146
47321
110636
711093
1332326
2156334
1307145
1625550
62057
125259
1520954
128261
390105
294327
1354151
810986
72674
661088
242740
430797
2626502
1364477
200691
378068
432119
195369
522347
2420168
1163286
7819
2598611
261162
568335
461578
94303
316962
104530
112425
306733
343451
89395
393637
117981
1625049
100458
104779
1942605
394899
186359
780983
338709
2796536
101882
678349
2088052
997655
54917
324657
506801
721219
479521
93312
940380
1352994
892305
1291382
1357349
2526373
21407
2502006
155761
538147
1354694
107502
1336361
2304748
1500533
846229
461927
1671174
110622
514434
522440
193373
21045
252802
1247686
276815
39136
135590
770276
319291
46435
645469
657790
273095
91494
1893591
2825840
102912
446156
950718
162064
1139763
248011
1194923
961223
1166125
365167
704947
207662
646802
1179646
36609
88803
1503249
1544571
1445296
1535365
38228
799685
824724
200030
833837
848416
306701
326345
1293757
441087
1780477
47062
1189079
321032
293561
413279
1327438
770284
1372863
395544
57854
1278341
106522
544407
787026
1552703
2841684
2797679
293497
1038375
694367
212711
751667
1434791
59187
1252511
1775598
443083
1349286
481721
2015882
397708
958161
70339
12173
46863
85119
134819
1133255
335573
33769
326041
2165248
368360
561326
114097
2131822
250610
711390
349855
54015
1247315
902575
171182
1433803
821567
2574873
1248100
368117
171333
2913610
82422
14010
646044
142509
131640
116859
438772
1427639
344357
1369417
1888160
72356
95453
1359497
48623
713229
111812
1771365
1294550
474418
771513
98258
220729
158802
875122
129572
212365
1453303
259297
405861
213505
1478051
1446758
818609
2341868
305033
805648
167881
661694
1497322
2712461
3488
1541347
257278
1719022
701825
44746
1430626
1102348
156087
366273
455972
1496165
1079352
1716742
372391
1016416
1489154
166044
1636927
1286947
2021305
450389
209612
290997
77763
473714
232950
727737
349303
365020
507252
299646
227154
766429
207269
351751
2155812
30298
135803
69724
3180867
416317
88691
254022
16950
2253713
656500
471625
412983
420906
726994
2175024
767437
1113180
827871
849271
154231
686711
214202
855037
29690
388791
221883
22422
890163
408230
58779
190872
342201
270164
14508
1287174
33857
699304
480137
1428287
1491483
1346904
817802
259641
1063405
1529901
111738
216497
62237
461011
49070
536314
94403
94571
14389
198014
1250972
148245
382615
627253
122763
77572
3022272
744557
415947
636797
690967
1049718
2237425
512672
568423
68102
882445
771080
129273
688978
197933
203142
763360
945804
908586
432074
989230
478966
187266
923812
617979
1982043
568276
274330
750420
129896
368065
1005138
509850
1339322
349584
1327910
172012
1582399
413163
63957
372322
703537
702451
5248
1042313
1909122
53572
953579
254778
209753
1519257
1230010
88742
1670795
554088
171459
148287
2278055
405505
360429
361412
246558
682683
406851
319169
3228444
150701
3055968
659122
110518
1555040
265875
242064
1369540
519471
1246485
2287872
1868513
433582
131628
402135
3072703
102659
1127757
302625
36500
785365
47986
72759
194239
756734
667266
517750
253543
2880339
1424564
446164
392579
656044
173165
1074662
676628
2705315
793704
151296
753837
651359
78814
1688762
883554
874694
1193194
197394
623349
517631
118195
417384
95290
264820
361401
211908
683326
311733
2161259
48596
1846675
731921
844052
181535
1459991
1568973
165819
293167
308130
725845
221057
3239371
648698
1290993
1094317
143938
179149
203133
802178
201896
671141
2861663
482535
64490
179668
776204
348936
287024
196029
1201421
471825
1479503
105667
148581
448379
663582
132343
2051312
257696
2379984
358803
121373
137314
1110386
144054
346276
680277
837444
730646
445279
2870187
1411681
2291512
572144
445376
1360932
1526487
2095184
63641
211241
971922
290828
2325798
215806
462840
730663
1434644
1717241
272851
321937
107430
55824
364361
1193013
468819
194419
17212
1196408
554760
2634392
2135344
346848
1716089
92066
2178771
650578
466519
162099
605233
273175
730025
615079
677323
122604
262071
258770
340502
669839
849839
729015
113474
908865
1507099
1184782
786707
446202
2411159
410386
34368
286898
144588
697714
12052
69047
54220
145691
503029
447053
2524620
397524
285457
3087441
507359
13913
310481
1244133
40570
1288723
1242033
1582252
1391288
909166
125361
38726
440676
481002
222623
216631
392500
1358187
700171
666956
224422
1771622
1061140
651350
112696
264147
1755858
1787724
146902
1350843
932170
1334209
104532
91244
700348
1502994
1201264
673934
235961
12764
1107819
117162
157191
1426068
637018
1856097
160038
1291594
171923
413812
1240953
2625978
2100887
78144
280681
278626
2370197
121681
211301
807257
2442
2860474
238975
29118
47872
373139
437523
133756
387752
1369709
2496724
406231
365127
152047
784340
731376
375705
1262358
421486
286262
3080774
209934
65244
283964
818635
2476175
387851
967612
1112885
670614
15746
252615
144307
33466
1516359
1636934
1974034
129884
203536
613316
373483
1589152
839806
411500
71269
644516
114519
692869
426716
145468
487576
205121
873646
407261
101373
1161566
1469831
473656
1411320
1362896
2223483
