123
224
247
304
339
363
365
449
563
565
693
820
1400
1771
1948
1952
2105
2134
2379
2606
2715
2763
2876
3182
3292
3746
3849
4444
4471
4716
4758
4843
5019
5291
5605
6723
6801
6942
6959
7157
7461
7648
7692
7781
8214
8537
8950
10068
10986
11127
11454
11693
12189
12618
12675
13610
14338
14675
14802
15051
15710
15889
16784
17087
17111
17382
17427
17500
17539
17755
18040
18460
18928
19019
19090
19173
19305
19335
19418
19672
20001
20489
20735
20783
20803
22191
22412
22964
22998
23317
23535
23633
23970
24628
25923
26054
26141
26414
26809
26923
27600
27885
28174
28812
29406
29540
29613
29618
30549
30640
30750
31131
31341
31648
32412
32798
32968
32989
33086
33594
33678
33701
34027
34073
34607
34693
34964
35472
35487
35944
37394
37444
37793
37800
37852
38039
38095
38302
38537
38543
38999
39131
39302
39405
39613
39670
39918
40085
40197
40519
40558
40578
40827
40902
40984
41363
41477
41865
42085
43600
43664
44158
44196
44494
44727
44974
45019
45303
45315
45606
45821
45862
46319
46524
46620
46868
47122
47192
47684
48084
48273
48307
48309
48485
48844
49233
49456
49778
49906
50254
50291
50329
50416
51494
52063
52195
52387
53143
54977
55006
55642
56112
56137
57208
57478
58658
59183
59485
59488
59911
60378
60672
60900
61072
61142
61760
62051
62653
62951
63196
63237
63444
63765
63980
64801
65107
65372
65373
65518
65980
66306
66690
67769
68541
68775
69249
69503
69574
70317
71621
71986
71989
72165
73114
73562
74333
74453
75489
76577
78668
79815
80094
80401
80674
81002
84475
85229
85264
86556
87355
87793
87954
88275
88358
89331
90400
90527
90641
91345
91902
92163
92306
92601
92899
93002
93047
93218
93895
94293
94388
94854
95242
95366
96268
96764
96787
97345
97734
98700
99066
99413
99655
100029
100157
100581
100779
101793
101935
102079
102083
102780
103046
103251
103540
103933
103970
104299
104870
104980
104995
105036
105077
105320
106783
107758
107950
108335
108843
108938
109849
111840
111871
113832
114464
115023
115426
115633
115760
116089
116209
116403
116640
116882
117063
117167
117304
117498
117627
117660
117799
118781
119208
120355
120628
121494
122102
123561
124642
126174
126265
126622
126740
127817
128722
129159
129328
129879
130440
132047
132605
132841
133306
133439
134517
134892
135096
135595
135602
135702
136825
136922
137166
138751
138902
139205
140303
141051
141832
142517
142524
142876
143770
144040
146009
146956
149822
152261
152503
152657
153490
153982
155721
156337
156744
158368
159301
159474
160199
161812
162584
162874
163190
163311
164399
164732
164813
164937
165124
170724
171447
172712
172968
173012
173713
173970
176406
176419
177959
181154
181705
182669
183528
183677
184771
185685
187411
188895
189028
189199
190760
191474
191501
191942
193177
193281
193672
193862
193929
194830
194927
194997
195395
195643
195813
196096
196728
196888
196912
196942
197937
198107
198235
198362
198466
198701
199420
199723
199980
200132
200798
201561
202326
203870
205107
206252
206641
206808
206939
207027
207620
208048
208077
208372
208942
209413
210135
210230
213748
213912
217545
217710
218232
219096
219456
219494
219676
219835
219885
219967
220203
221705
221734
222188
222401
223083
223755
223792
225379
226064
227197
227358
228156
228158
229809
229817
229965
230457
230936
231337
232366
233523
233570
234138
234679
235443
235454
235985
236171
236742
239166
239574
241566
242639
243202
243940
244111
244360
244468
248875
249529
251270
252027
254039
256269
256331
256760
260177
260548
261561
263257
263489
263678
263693
265281
265364
265734
265942
265949
266430
266871
267517
267974
268910
268919
269939
270971
271265
271517
273343
276936
278573
278908
279240
279298
279939
280062
280076
280846
280854
280931
281051
281171
281272
282278
282330
282830
282847
282923
283478
283520
285008
287654
287697
290880
291439
295073
295477
295819
295883
296217
296529
297830
297923
298503
299141
300767
301388
301408
301763
301862
301968
301980
302697
303863
304953
304998
306607
308927
308954
309293
310934
312041
313434
313620
314036
314152
314615
315377
317780
318626
319171
319693
320033
320210
320222
320687
320709
321893
322828
323205
324088
324828
327952
330054
330864
332392
332920
332982
335607
335640
335760
337775
338406
338463
338686
338968
339349
341873
342998
347362
350983
351047
351244
351698
353601
353865
354642
355619
355834
356505
356792
356934
357856
358743
360164
360975
361377
361677
361709
363229
364530
366528
367317
368132
369933
371971
373762
373999
374079
376074
376174
376711
377042
377724
377885
378391
378688
378839
379891
380511
381581
382999
383236
383470
384190
385612
385648
385917
387396
389794
389796
390505
390648
391348
391795
391968
392079
393071
393478
393788
395026
395108
395885
396925
396942
397387
398355
399354
399644
399977
401469
402681
402948
403304
403414
404747
407183
407374
407533
407688
407888
407960
407966
407984
408082
408517
410389
410557
410951
414364
414892
415170
415977
416969
418262
418354
418686
425050
425344
425900
426517
430727
431050
431236
432182
433442
434111
434866
434921
435481
437610
437672
438101
438755
439091
439214
439241
440087
440868
441635
442801
442850
443475
445486
445650
445936
447548
449115
449244
449319
450918
451182
451917
453190
455106
457168
457191
458035
460308
460971
460995
461517
464640
466216
467145
468682
470113
470495
471251
473473
474108
474565
474568
475271
476878
476898
477864
478095
479935
482215
482479
482664
484270
484770
486376
490674
492057
498032
499528
503731
506593
511994
512016
514371
514895
515929
516007
516385
517172
517778
518686
522934
523741
524498
534835
535062
536439
537907
539817
541935
542073
546923
553883
555571
557764
557789
561766
562840
565098
570101
572139
581315
584208
589445
590485
592006
593045
593446
593573
595838
596102
601015
603557
605732
607657
610925
611282
615231
618981
620554
622990
629529
634586
636017
637144
637167
640370
641304
643335
643517
644323
646952
647803
649206
653325
655049
656297
656639
656654
656941
658969
659381
661169
662155
662581
663184
663342
664845
666784
667625
669611
671834
671841
680472
680793
682193
683619
686569
688521
691204
691498
693047
694002
697489
699213
699391
699996
701458
702362
702417
710778
715240
715611
715696
715993
717065
726205
726831
728940
729018
730189
732400
732534
733850
734347
734483
735281
740224
745100
745263
747705
748792
749822
751069
752315
753427
756737
764338
768821
771851
772661
774742
774903
775146
778134
778491
779036
779101
780404
780425
780431
781784
782972
783355
784833
784967
787075
790006
790829
793172
793998
794327
796468
797566
798244
801759
804620
804765
807224
807306
808593
809256
809474
810469
810543
811834
812220
812567
812783
818731
822070
824316
824631
828743
834324
834997
835179
836049
836191
837924
839408
849177
850286
850519
852619
861866
863840
864654
865585
867756
869912
870380
874702
880890
881457
887012
888344
905053
908620
916937
923577
945806
947081
948688
949335
949965
950610
951961
952093
953100
954006
954273
954791
956070
957437
961804
966919
969393
969580
970073
970442
972554
976664
980401
986245
996018
1002135
1012515
1015378
1017233
1025664
1025678
1031618
1035694
1036856
1050422
1055619
1056722
1057236
1057535
1060729
1061981
1067292
1078470
1092104
1097315
1097917
1101327
1101448
1104441
1106602
1107554
1109378
1113836
1113926
1119524
1119775
1119824
1124387
1124429
1124600
1125619
1127197
1130847
1136788
1137645
1138601
1147620
1149597
1149960
1152074
1153097
1153135
1161851
1164346
1165227
1171320
1172953
1178289
1179300
1180100
1181144
1186871
1189059
1190854
1191658
1192738
1193355
1194383
1195137
1201127
1203625
1204003
1207193
1209047
1215363
1216880
1219767
1219924
1224233
1224579
1227086
1233507
1237543
1250240
1258121
1258408
1259408
1267208
1279580
1299004
1299513
1306809
1307467
1307645
1318008
1319774
1325620
1326249
1335647
1343241
1346246
1354441
1356554
1368033
1370561
1380693
1384911
1387916
1389255
1404623
1406443
1412266
1414196
1414405
1419476
1424846
1425350
1433902
1440586
1448253
1449890
1451114
1457335
1457734
1473124
1474333
1475199
1480499
1482485
1485802
1487724
1494170
1496528
1503122
1509355
1511086
1515504
1516308
1517025
1517027
1525797
1531415
1532640
1540735
1550688
1565059
1582244
1582752
1611763
1616365
1619895
1624512
1630987
1632849
1635124
1636177
1640258
1656469
1658287
1662783
1670886
1671823
1689767
1700436
1706950
1719520
1723110
1726073
1727213
1739665
1742120
1747229
1750737
1752614
1754328
1765898
1769883
1793351
1816890
1898048
1916163
1917918
1926137
1929168
1948463
1952043
1961851
1971311
1988247
1993093
1995473
2002819
2028698
2060130
2074591
2076613
2079601
2087392
2147015
2167308
2167330
2176137
2194728
2207276
2209114
2220259
2264439
2294195
2298325
2302613
2306482
2314304
2334327
2356491
2387712
2389818
2392148
2530303
2539988
2540664
2549300
2561591
2594749
2604082
2610353
2610405
2650089
2704913
2731952
2739442
2740344
2774290
2796522
2838932
2922593
2964937
2974580
3017332
3106095
3144740
