260754
166083
1353126
170552
12159
206985
67647
172
10501
17878
260479
215392
1748600
1170649
633712
53418
1771194
110658
417178
195860
782750
266
1209376
415469
951455
208880
5050
1501905
834371
23415
911801
18542
336254
10092
15832
507
1153092
41372
148617
1477609
374305
1503982
479520
185440
514127
376923
441880
1148915
67891
205968
814703
285233
1256446
755045
161877
249508
405678
89018
390393
2250191
224728
460143
277385
96918
266700
167553
39007
276
122646
58619
49793
5381
318220
45907
31765
187667
1108496
267893
114423
1244
74002
12150
774
140427
24129
868393
562027
784173
1455
7011
696127
36504
19421
45221
257013
568207
92983
1055693
332040
129982
121210
837792
92939
33621
654535
848991
21995
50516
140256
363432
257250
2176849
256854
854600
308491
49740
476529
1212513
593950
159610
44579
198709
39861
289171
493198
2982
2101238
133288
1874830
548618
1454158
1732
8531
1489204
1971617
144525
638830
161061
232867
1807101
18976
1795
453842
9630
28110
329278
60608
277689
459691
133160
313141
4855
315992
1278880
2197591
79473
225150
973354
1876860
382819
1150155
9369
1455069
344079
568
100242
1791901
297757
393348
205559
250070
350928
332507
1453083
1382845
1486852
214198
842741
962253
23027
31287
518683
93726
55836
287557
424926
1338
1449077
280930
689601
723052
2159378
322496
379131
171189
1698075
146397
1178894
26062
81057
2757885
227656
887181
186911
766159
465872
1296059
207265
368505
1536673
158654
63701
409723
2506837
40879
1108339
59447
290627
96745
675925
319781
1257274
652936
662534
962892
195116
292035
399163
498320
241790
296625
308148
19033
14726
111703
281726
792123
46789
267988
347
30596
866334
1160331
826894
689040
1083
310591
18703
1799578
394566
1540968
809586
1557
557542
559293
60669
2108160
79359
503042
14413
1559
110267
63603
38475
257002
108835
15861
735737
383961
146712
2702972
1877183
47650
898025
285445
1519219
1143389
220837
48750
108075
351170
701583
814537
533
921616
28368
178788
246088
859508
58374
346610
62472
1524459
93262
290213
527799
17536
2705614
167171
15209
2135758
1445687
217943
634425
73104
208688
117565
155576
272297
235752
478129
2314
761154
1136503
100701
2046843
5686
831300
2558
224284
65575
6013
1076
1074360
568264
753576
17988
1279084
338309
381056
1419553
15512
156021
5195
728804
1819
461845
799863
15211
821720
250997
1422088
1782890
14912
74354
44877
634092
822381
1070
383179
727801
3301
176685
45285
92009
1110950
678492
655484
685
21421
1965
199867
897722
39256
83996
23791
239204
4236
22767
459938
459544
399
16118
779
1426269
109609
55511
405598
783802
6368
931255
18168
193251
5373
37128
217568
757388
749940
43661
380544
533238
225403
77493
17340
144
295244
711841
1321895
331255
12778
232713
661760
1107764
975243
202480
762998
1424466
377000
500771
179130
1078956
378444
379729
304534
82390
133871
2793450
549259
1260740
942650
1188005
621593
279424
8896
1179312
674140
2384810
740869
8766
39431
359463
39770
515365
594054
1116028
608931
1580
827318
1101136
32355
442473
50762
757540
8276
692214
61221
247472
271562
180977
2956
14685
73824
890974
144569
532472
1319789
596273
803539
760765
1722
13931
67644
201669
5800
418746
250714
1439660
1820
672589
681802
313955
2016
92272
954941
197841
39228
205503
664539
41313
355698
334
11129
241766
333256
1916010
505118
197158
1527604
472070
10721
203266
458190
1361438
1478686
45853
304977
29787
1449092
304642
471734
6182
745120
1973
130334
20500
42501
775419
1414707
87485
35880
683630
186869
95356
713275
1038064
111603
645878
888079
492378
611642
278240
392429
678911
139071
4160
2270351
1281726
1382990
443398
33072
340949
693679
2577
1297267
746439
453494
261669
1211223
429097
48674
1414455
679008
223514
2862650
1449
108098
631
672622
2465532
104586
111796
565324
74707
269737
117834
90758
114707
708173
90164
450943
112630
3907
194646
364609
289658
941094
28538
4841
173755
329788
18966
2496
98606
697572
172598
992412
18117
244999
258383
110437
256582
41609
863770
69873
54809
217952
1358424
369150
1510219
1971816
133440
521529
1729141
1155815
28366
223435
160281
2380849
701300
794459
1163371
506479
1948637
1275993
4930
1463560
3220970
3209036
2294534
549458
1919577
958713
39270
297505
567780
40068
864537
37899
468017
200312
1390982
1505583
100219
441448
43358
8027
1287590
443388
353589
105884
239098
589648
56737
478730
64314
289416
1779555
61641
955743
2472
1278581
298696
1717
3149
965861
2021664
