44061
89493
95212
96124
106218
125586
125613
126942
128044
134392
141957
164439
164854
165853
167017
177957
179475
191875
208197
211652
230640
232606
233514
236544
238772
245054
245508
251188
251374
254792
263607
265053
266386
268048
292146
294777
311026
318403
319474
323118
331047
337174
344649
351525
359183
360907
364500
367202
377977
379355
379405
382354
385954
387800
392316
393663
394474
400218
407262
408163
410638
413556
415397
415677
416785
429193
429448
429511
431160
431764
432211
437256
438328
438667
441143
441199
442068
450627
454319
458743
466328
467403
470658
472500
473588
474685
477181
479275
479889
480604
481317
481696
482692
483078
494095
499214
513155
516303
520490
522247
529394
529551
536301
537140
549783
549849
558369
560334
561126
561239
565392
567096
577260
596426
633949
645215
646380
651136
651868
654516
654720
657066
664511
666571
684060
685379
687877
688919
689486
690017
711570
720052
729189
730595
737882
739670
746685
750253
763669
772529
775116
780854
784210
786848
787532
788541
797871
803307
814855
832980
845526
853145
860856
868714
879910
888390
899420
906747
909273
916514
946589
949720
961934
992553
992571
992696
993104
1045384
1048008
1062705
1105504
1113640
1113739
1116359
1120957
1121855
1123326
1124678
1125921
1130936
1163165
1190011
1191420
1204906
1230739
1238336
1257592
1261035
1283104
1286210
1300255
1301425
1306394
1307697
1311366
1313391
1318382
1329110
1329852
1330565
1332780
1333944
1352383
1361921
1362370
1362457
1365665
1366835
1368631
1378958
1389801
1406522
1427930
1433573
1459236
1475039
1482963
1505676
1545082
1594463
1602142
1624119
1632297
1667768
1708456
1733226
1733841
1780991
1870318
1883109
1887780
1942989
2018868
2160007
2238001
2238262
2356974
2368864
2493041
2595226
2606297
2608322
2621343
2623770
2632414
2670352
2685451
2689196
2695040
2707730
2722901
2751023
2754830
2772678
2866202
2901241
2940954
2947915
2948813
3028634
3044790
3113095
3115587
3133692
3172904
3177479
3217084
3227456
