30356
42005
49594
50655
54317
67707
96422
113375
148513
161720
190934
196337
218454
244542
262868
283838
300457
304325
329516
370006
376948
378165
397371
406756
417037
417515
450527
457858
477115
492224
572466
615216
636709
663494
668317
680268
722754
726435
780486
806721
812284
821591
881681
884322
906723
906757
951734
972696
1094892
1105780
1126508
1142464
1179926
1235456
1279975
1315423
1338253
1617886
1640440
1663130
1716599
1875183
1950529
1995225
2069099
2070135
2171999
2232536
2330574
2482943
2485075
2489265
2493665
2740042
2833513
2846205
2930492
3055017
3069052
3076108
3087096
3110965
