545
1055
2490
3065
4289
7163
8389
10799
12148
13986
18486
23417
25426
25520
27565
31222
33178
33327
34087
36169
36811
39669
40336
41371
43137
45739
47252
49866
59582
62538
62570
64310
68279
69693
70169
70304
75786
77433
88007
88526
88908
88932
89445
89609
90253
90706
93983
94550
97982
98871
98964
101179
101693
102169
102355
104638
106033
108967
109764
110647
115238
120822
122238
125811
128332
128522
134783
138237
140969
148720
154833
163207
165765
165778
177904
182575
184682
189509
200336
201363
202504
209899
215718
220139
220919
222085
222960
225636
230522
230999
239485
240872
242314
248110
249721
250158
255811
260965
261220
262066
266554
268296
272855
273179
273549
274870
276007
284105
287914
288239
290920
291835
295233
302199
302810
302934
311279
318475
328678
331190
331606
336366
341914
342875
345713
353588
356031
363908
369198
372661
372900
377190
380178
380813
381504
386932
392777
397362
399281
407158
414133
417437
417660
426848
436081
438859
440767
443779
444467
445013
456791
456811
459222
469337
470912
471669
471670
472891
473998
477371
505080
510457
510466
512287
519080
532169
545451
551084
551577
553690
563639
572629
573700
584501
586582
588554
591845
615146
629009
630380
639125
646621
647245
650378
655117
662958
664452
678603
680684
687727
688514
691098
696109
696717
698592
701831
709722
710268
732202
774027
784574
802656
833776
848867
874556
886653
890108
890551
902819
905974
935582
941624
995641
1034829
1048131
1058429
1086294
1094014
1111457
1124746
1147228
1151239
1175408
1189306
1192390
1202058
1224317
1238221
1239129
1292561
1310499
1317005
1328089
1337256
1337624
1390425
1399621
1417787
1429160
1429682
1440480
1443201
1449874
1462765
1463191
1491320
1508503
1536864
1549531
1555948
1603168
1607592
1650049
1657587
1662502
1680521
1686884
1700657
1708998
1714228
1714786
1721383
1746163
1747438
1754548
1758203
1792195
1859969
1861502
1893697
1898497
1952517
1953487
1987969
2040479
2069166
2087277
2115869
2132579
2146276
2160427
2178882
2198257
2226003
2226250
2231741
2240706
2246209
2264850
2301615
2311056
2329708
2338252
2385159
2388193
2389690
2476079
2488137
2496686
2568385
2568527
2581807
2587983
2604956
2606010
2626993
2629962
2636368
2661291
2661417
2777308
2794894
2852439
2870865
2936467
2964571
2987251
2996365
3009038
3030795
3048317
3141396
3157407
3160575
3174625
3176238
3196562
3199384
3224909
3229384
