109
271
301
337
893
1115
1166
1630
1957
1964
2119
2323
2748
2992
3175
3311
3320
3432
3602
3793
3954
5238
6420
6468
6551
6791
6819
6910
7019
7957
8267
8281
8971
9725
10465
10505
10820
10851
10985
11168
11214
11751
11822
11867
12050
12227
12362
12633
14238
14450
14665
14701
14717
15172
15339
15543
15569
15833
16022
16317
16539
17160
17252
17284
17405
17437
17734
17758
17964
18474
18481
18768
18961
20037
20160
20431
21590
21759
22764
22768
23101
24221
24945
25300
26177
26669
26766
27266
28121
28299
28771
29981
30086
30088
30093
30409
30470
30478
31259
33024
33148
33694
33839
33913
33976
34010
34033
34195
34220
34489
34648
34835
34850
35174
35513
35906
36039
36239
36362
36387
36478
36623
36657
36761
36857
37765
37975
38657
39224
39341
39939
40029
40247
40671
40754
40798
41923
43431
43492
44175
44290
44307
44467
44544
45540
45585
45776
45937
46146
46295
46461
46644
46819
46941
47017
47146
47361
47632
48032
48087
48278
48300
48411
48420
48509
48562
48599
48601
49465
49810
50343
50613
50617
51299
51604
51635
52360
52435
52586
53247
53924
53973
54522
54692
54737
54867
55098
55495
55660
55726
55960
56123
56454
56672
57629
57681
57774
57897
58339
58360
58730
58800
59293
59461
59851
60805
61464
62675
63285
63793
63969
65336
65514
67286
67599
67911
68103
68284
69465
69804
70209
70935
71170
71656
72266
72446
72654
73031
73090
73185
74055
74407
75617
76754
76838
77146
77559
77637
79096
79635
79781
80389
80603
81236
81381
81441
81837
82579
83262
84815
85376
85501
85654
86105
86166
86616
86627
86677
86785
86794
87094
87141
87313
87321
87327
87396
87404
87457
87690
87706
87859
87887
88174
88241
88439
88465
88775
88827
88836
88973
89284
89287
89408
89585
90055
90155
90262
90744
90798
91296
91467
91609
92745
92855
92928
93021
93147
93371
93671
93959
93995
94339
95662
95733
95769
96363
96407
96576
96997
97068
97154
97644
97750
97766
98074
98642
98773
99650
99929
100376
100534
100986
101171
101267
101434
101582
101667
101835
101869
102309
102512
102662
102666
102878
102883
102890
103218
103346
103463
104341
104375
104838
104962
105867
106146
106850
106888
107239
107823
108160
108208
108583
109129
109162
109296
109449
109455
109574
110062
110398
110542
110567
111457
111592
111859
111950
112710
112861
113270
113581
114100
114695
114947
115169
115485
116585
116587
116658
116948
117103
117216
117697
117940
118134
118861
119231
119836
119876
120019
120243
120493
120931
120956
121002
121123
121267
122347
122808
123675
124388
124759
124855
125057
125315
125854
125863
125987
126423
126563
126752
127224
129923
131529
132203
132245
132351
132831
132974
133458
133506
133828
133999
134393
134872
135936
136879
137243
137288
139015
139345
139606
140987
141277
141774
142491
142681
142695
142796
142888
143478
145987
146286
147218
147741
147754
147770
148121
148147
148552
148833
149524
150573
152003
153363
153667
154892
155187
155988
156500
157259
157583
157938
159774
159847
160163
161043
161052
161595
162072
162128
162727
163737
163766
164683
165660
165760
166101
166804
167095
167826
167831
167976
168066
168077
168083
168304
168346
168633
169547
170778
171010
171456
171788
171836
171855
171868
172528
172948
173574
173587
173912
174030
174397
174877
175298
178176
178710
178907
178960
179373
179456
181100
182418
182651
182879
183149
183205
183403
183847
184873
185697
186076
186110
186962
187164
187604
188846
189223
190052
190468
190517
190916
191370
191753
192168
192648
193011
193106
193229
193305
194484
195164
195261
195358
195427
195748
196282
196592
196908
197197
197420
197424
197632
197698
197901
197952
198041
198098
198189
198781
199438
200032
200049
200487
200603
201001
201512
201519
201698
202099
202242
202694
203360
204105
204317
204518
204571
205611
205927
206279
206592
207017
207248
208237
208720
208989
209354
209748
209804
210754
211194
211198
211378
211618
212462
212491
212829
212851
213464
213629
214321
214324
214367
215054
215077
215080
215170
215468
215697
215998
216487
216965
217730
217960
217981
218867
219068
219397
219611
219635
219652
220832
221022
221050
222042
222450
222793
223328
223714
224217
224407
225035
225235
225478
226830
227292
227370
227603
227687
230869
231059
231174
231432
231522
232137
232828
233037
233263
233554
234080
234217
234469
234470
234581
235385
235409
235799
235905
236084
236509
236613
238619
238659
238934
239209
239226
241571
241748
242409
243241
244790
245248
245564
245962
246236
246628
247179
247476
247800
248914
249234
249371
250020
250893
250915
251867
251896
252052
252323
252743
254143
254219
254526
257528
257532
257859
259099
259591
259899
260301
260450
260524
260849
261148
261959
262192
262350
262633
263929
263977
264959
265121
266529
268855
270546
270944
270983
271777
272804
273945
274272
274847
275294
275567
276416
276464
276907
278730
282705
282972
284366
284535
285122
287178
288789
288826
288936
288997
289394
289725
291432
292559
292892
293186
293394
294988
295552
295554
296172
296200
298084
298652
299027
301567
302404
302939
303204
303966
306380
306498
308204
308527
308613
308848
310959
311300
313058
313865
314191
314982
315168
316715
316865
316980
317242
318157
319746
320648
321352
321717
322419
324179
324368
325510
325512
325541
325928
326344
327755
328035
329317
329704
331883
332855
333638
334015
335368
336948
337179
337195
338241
338374
339958
344655
344769
344799
348557
349255
349739
349772
349936
350088
350675
352209
352374
352496
352815
353057
354763
355284
355569
355621
360025
361277
362084
362195
362783
362797
363342
363930
364196
365365
365642
366005
366383
367408
367770
368382
368437
368516
368522
369921
370025
372763
373165
373439
373548
373684
374074
374918
375639
379505
380797
381707
382872
383332
383893
385496
385870
386569
386643
386770
387561
389891
390949
392305
393999
395084
395325
396754
398382
398659
398706
398728
399762
400279
400873
402051
402054
402556
402672
403224
405231
405242
405510
406097
406334
407818
407869
408767
409698
410789
411941
412410
413650
413745
416312
416321
416641
416779
416826
417339
418429
422827
424760
430236
430299
430337
432926
433231
433249
435852
436176
436392
436949
436990
437145
437343
437375
439036
439180
439547
439777
441472
441552
442823
443210
443436
444022
445754
446795
448926
449677
450292
451674
452313
452322
452523
454089
456124
456823
457095
457629
457636
457810
460537
461085
461315
461542
462038
462975
463032
463050
464153
464685
465303
467900
470110
471717
474126
474479
474492
476398
479488
482020
482099
482217
482294
482612
483559
485658
488929
493557
497158
497521
506220
507257
508791
508902
511238
512271
513341
513970
514578
515801
515996
516793
519263
520001
521524
523091
527204
529471
538597
540877
541102
541414
546633
549092
550800
551371
552520
554748
555238
556412
557623
564922
568673
572309
578178
580153
588160
589628
591806
593041
595973
596961
598831
599160
599301
600920
602031
605129
609822
611561
615206
622112
622288
629252
632935
635401
637201
638866
644017
647362
648028
648324
652619
654567
654791
655817
657356
659017
659229
659400
659798
660013
660292
662432
662511
664065
665078
668512
670272
670969
671726
672176
672649
673889
675966
676404
676426
678786
680814
681616
681728
683532
685252
686530
687147
689816
692136
694862
698012
699576
701031
701084
703326
703586
708936
711929
715933
716301
719126
719962
720748
721209
722159
724378
727351
728818
729933
733944
734317
735326
736629
739913
741149
742823
748310
748751
750185
754127
755193
758886
759065
762118
764404
770070
777143
782085
783746
784443
784729
789499
789566
791427
792232
793568
794044
794488
797013
797122
797481
797760
799560
801521
801634
801689
804094
804095
804635
805715
805959
806907
807016
808241
809157
810127
816043
818492
819181
823502
824237
828290
833768
834370
836555
837387
839032
846176
847968
851380
854787
857436
857895
858465
860332
860409
860571
860886
861040
863094
867310
873229
874802
875049
879479
880106
881327
884094
884891
890372
890537
890746
891174
891555
891784
892254
896848
900801
902983
904053
905315
921704
922210
928341
931246
933730
944732
945296
945315
946627
946942
949950
953007
953203
954659
958858
958878
962966
963560
964053
968303
988945
993337
996357
996400
996894
997694
1005863
1008832
1009677
1012453
1014914
1016996
1020969
1021503
1028171
1032512
1035912
1036669
1038009
1038618
1042402
1042598
1045175
1045339
1045663
1050461
1051174
1053783
1055488
1056373
1057234
1057247
1059114
1060691
1064657
1067083
1071250
1072909
1078942
1082198
1082968
1087530
1089657
1091122
1093101
1093384
1094065
1096253
1096888
1103484
1103578
1105647
1107061
1107477
1107619
1108007
1109818
1110551
1111430
1113052
1113889
1115628
1116211
1117223
1121612
1124217
1124979
1125190
1127093
1127509
1127546
1127856
1128012
1128574
1128926
1129037
1130433
1131096
1134002
1137378
1140052
1143040
1144876
1147673
1151991
1152908
1153399
1155604
1156061
1159024
1160908
1162045
1162047
1163898
1171582
1174184
1175863
1176938
1177411
1180617
1187352
1188092
1188495
1197956
1198224
1206150
1209570
1212832
1217729
1218983
1220826
1223419
1226547
1230061
1234982
1239121
1247533
1247990
1248029
1248418
1250603
1250605
1253078
1253573
1254557
1254683
1257585
1259182
1259378
1277071
1281837
1282565
1283332
1283788
1285251
1290652
1295633
1301120
1301419
1304744
1310017
1310216
1311300
1317088
1318256
1322107
1325650
1330752
1333053
1336559
1341935
1343710
1344603
1345867
1346162
1346482
1350721
1353625
1356083
1356846
1362320
1362377
1363168
1363560
1376802
1377227
1379732
1380209
1381437
1390875
1391283
1395804
1399802
1403790
1407551
1411171
1414849
1418218
1422354
1423223
1423462
1426375
1428385
1429558
1433043
1433241
1437813
1445243
1445871
1447815
1452644
1470634
1470829
1471247
1473203
1477515
1481642
1483618
1484889
1487309
1488161
1492057
1499984
1500387
1514584
1519771
1520024
1522933
1528476
1537222
1539809
1541163
1541332
1544821
1550448
1550875
1560209
1567739
1575726
1589502
1590177
1604244
1607391
1622814
1625121
1625296
1627839
1631178
1635248
1636919
1643240
1660180
1662469
1674967
1680017
1683430
1684809
1686409
1702447
1707804
1713554
1717985
1720421
1729662
1738216
1749586
1756638
1760424
1760427
1760940
1761340
1769913
1769915
1769918
1775316
1788081
1794479
1800062
1816116
1825520
1838922
1840871
1847932
1876528
1883300
1886597
1887523
1903494
1908186
1935421
1958456
1963517
1969465
1972698
1989240
1998284
2003941
2006706
2027380
2050246
2052039
2060667
2062755
2093950
2122864
2127809
2129331
2150860
2152857
2155370
2156469
2160523
2165587
2166251
2173930
2178324
2180632
2183068
2194230
2197641
2198723
2198990
2199050
2202670
2211912
2221729
2232033
2239581
2240151
2242236
2248934
2248957
2254825
2259593
2265603
2267087
2276564
2282362
2291771
2302014
2310763
2314945
2326049
2336243
2341907
2356240
2356348
2375936
2383267
2387087
2397857
2402804
2406925
2417343
2432046
2449916
2459831
2464348
2512701
2519197
2534844
2574105
2576895
2579066
2598533
2639674
2643693
2649519
2657599
2679345
2680650
2681007
2693263
2702799
2712354
2742528
2761133
2772041
2790568
2823357
2829616
2838862
2847663
2852853
2870664
2881285
2885502
2905421
2917054
2945290
2951316
2953814
2979845
2995856
3002295
3003569
3116861
3215603
3218359
