166
343
1300
1393
3352
4505
7309
9114
10380
12141
20939
21921
21988
26246
32768
33258
34077
34460
36952
39268
40473
42698
44546
46845
48849
52610
53214
54132
56674
58260
61244
61747
61860
62759
66222
80498
80513
82877
86766
88560
88733
89710
89753
93497
97947
98426
99682
101249
105393
106227
107076
111745
112566
112869
112970
114107
116720
117846
122552
124980
128273
129709
133247
143737
149371
162936
163516
165186
166227
173881
175079
177363
181283
185110
190629
195476
196719
197307
197358
198472
203513
204331
204980
208376
209209
210894
211510
212590
212865
216859
216917
217564
217566
217829
218459
219691
225984
231857
241152
241164
243155
247341
248940
252237
252297
275428
277940
278066
282585
282611
283925
285706
286321
288289
289282
294778
295105
297823
300363
301812
307476
308025
309746
311691
311914
312430
314531
317679
317820
318268
321429
324798
325138
326320
327396
328564
328888
329093
331670
332428
332660
339194
339681
340093
345520
349051
349224
351520
352605
353662
354406
354993
355981
359763
360154
362111
362298
367003
371240
371379
371541
373581
378431
379515
380089
382291
383380
386631
387872
389385
391829
392826
396764
398298
400427
402559
404285
404414
405417
405523
405737
408937
411966
413737
414902
416129
416241
428719
430484
436882
443341
443988
445151
450513
450920
453198
455531
457227
458017
465692
466275
467380
470652
472158
477356
478346
479285
480809
483176
488723
494072
500377
501094
510752
514052
514718
516928
517336
522758
522838
537984
561383
567399
574984
588793
596493
607882
615273
619274
619924
633427
637099
643583
646771
650352
650435
652548
654947
656532
657112
669463
673673
674436
676354
678434
682220
686394
688117
688839
690431
692765
695153
697441
703137
707339
714097
716258
730514
732364
734152
749457
753527
760440
767420
770487
772053
778772
779300
785823
790560
805229
810084
814222
819900
824668
834312
837809
864505
868375
874600
875707
879196
881691
882087
883357
900482
906730
908761
913547
931985
959450
976564
977427
982681
1006702
1011157
1021668
1027682
1027695
1029485
1042061
1050578
1052575
1060475
1071714
1095277
1105539
1106632
1107317
1107948
1112128
1123105
1126241
1130086
1130189
1134371
1135227
1151450
1152508
1162874
1164694
1167070
1169452
1174630
1175293
1178866
1180835
1195923
1210090
1217280
1224202
1229674
1230386
1237028
1237867
1239488
1293093
1293753
1293909
1304440
1308396
1309178
1309371
1315378
1328333
1333366
1335133
1335179
1339486
1347066
1351755
1353157
1355263
1357525
1365389
1371830
1377334
1377672
1398818
1408896
1414890
1418885
1438218
1446575
1460664
1461499
1462417
1473266
1474734
1477034
1480802
1482329
1484945
1496473
1502916
1520850
1527228
1534087
1536959
1541441
1549863
1560190
1568884
1595573
1608553
1608749
1620369
1632611
1645142
1650896
1653822
1655149
1665992
1666513
1666820
1668712
1673495
1675528
1703952
1707636
1710909
1728230
1730783
1730969
1775944
1789903
1792168
1819642
1839074
1860735
1883241
1902488
1904393
1932414
1942613
1942884
1943804
1946068
1982164
2002566
2008312
2047975
2072691
2086162
2100754
2113354
2122239
2128975
2146457
2146584
2168230
2169055
2192727
2198630
2233062
2252358
2261154
2272047
2287440
2297734
2302026
2326650
2327059
2336256
2364812
2366905
2376754
2379186
2427067
2489258
2518267
2542338
2557640
2611360
2617955
2619891
2627762
2629542
2653859
2672581
2686753
2715366
2742889
2753502
2761717
2789443
2804959
2807094
2807407
2842046
2846521
2852502
2865966
2869003
2900785
2917091
2919660
2934356
2938737
2942500
2985550
3029483
3040535
3042284
3057575
3097585
3100223
3106479
3116879
3116953
3160589
3193116
3248645
