1666684
326835
738007
2564993
862291
668969
977532
163163
27210
1774173
198355
2402540
301993
730224
1314021
1877686
1114678
322358
1546912
3105316
448305
1470688
81607
1495411
122194
269837
2293716
993064
775600
1195187
1127506
2072515
1755097
259866
464003
249346
196602
1622714
2872482
1428711
2725330
32986
204981
128167
916350
1506108
695810
1965035
1366979
1308890
561513
49109
1406955
225236
216182
271115
1112450
931647
465138
1938896
250810
1389933
57627
197076
162816
2427432
155205
1564949
1683931
1850416
43479
297674
874299
120259
705814
1356365
1110359
1352572
1313755
1044881
1358279
973254
1707637
2983650
1696641
1280687
2079743
240920
2046324
101956
416603
511109
2568832
1396571
1446768
117999
377810
414480
454669
269259
1309383
2315652
1849038
435816
352866
2406928
2947773
1307501
1283748
207984
953515
2259080
555389
1530098
2302775
115408
172718
532966
1542765
2156680
363399
1931708
1446035
3068600
1582262
1413381
91014
2063524
1163117
1198596
437520
834327
1112588
1690176
1445533
392450
1548647
262949
287872
3203982
844298
913675
118297
1138825
943436
1437306
892564
2331166
2952394
2938625
381070
398206
3215864
804440
1194128
412948
519304
1155583
801928
1100339
242285
1317761
2612758
1287486
1289832
216977
763358
678633
692152
221471
1334978
1333777
1548410
2120563
875407
1439153
337053
873453
367534
135470
1288427
1361131
1500220
1699039
1392178
2355046
162085
142317
1306631
1888242
181330
324115
1971310
2498942
436390
274747
1036517
2519237
134842
1901365
2150018
366442
964688
1150086
429022
1718986
3071143
25867
206973
318507
303896
247158
438723
50237
134523
447734
354524
711184
50287
399868
2083966
872229
2250274
1316923
1008998
1454069
204387
476117
2841290
592304
1483498
522640
571687
382379
781183
1227343
327195
2711464
272024
724878
1117799
319314
717809
1384775
104277
252560
1243793
1720471
275075
1586637
1241909
142668
123876
783227
500682
41074
2347023
395650
2047843
476393
133406
198650
314456
334860
47610
1503075
410556
2742510
2252100
1472147
704767
2955031
1860266
417918
1094023
2739691
1437197
2193165
519534
149422
1985864
2298228
1495259
203268
686545
412414
465577
661397
168620
304678
3076271
358619
1558600
1302948
266360
2362802
1867728
2840955
1283727
638344
1266760
677332
1350859
781086
2435843
174285
464789
133018
915549
162581
432183
959614
772920
668078
1696245
561393
1557346
2217194
477030
689547
801317
281260
119511
655994
2417688
15255
1555315
1524176
322491
2129219
640359
1426095
1287493
106527
869632
1164437
3171625
2600888
304393
2181144
1604703
37263
870132
1170466
1644580
1349993
706794
589613
2409077
18406
1789862
3036172
3160176
1299392
1507090
1288010
1367121
561204
2398102
2306734
1204639
1771191
1607740
2084261
209389
630768
321589
1194267
1541080
780490
1471413
1435830
2609138
124489
122734
100489
2032021
251974
179273
998395
617525
361190
518828
1046475
2221010
1343170
2068105
695269
295393
135399
2462761
1537116
1680311
867426
401549
134467
1749109
591833
1375541
1280955
2605766
2389705
516079
3150927
2290679
1119761
43056
1025145
2180712
2074169
1670259
807102
2790081
1417190
246061
1519582
172293
403595
1457973
453924
881609
1279228
443964
1165589
309831
2394448
119508
378025
1395487
604464
1199351
1289829
734640
1380078
2637651
1971109
1463430
236385
2864781
3074274
2429104
1594775
1427817
1876475
2359961
1445965
1402550
2087325
420813
1055626
2365588
1240368
780764
822343
431903
1436885
581381
848939
2088670
2375096
1341360
232265
2165074
121040
423412
820008
1526210
2243532
2457702
662171
1298961
1317961
1189191
1795381
2224493
2497720
1224553
1387986
125221
291898
2727719
334202
1377329
1480950
2203599
318875
1952499
3192350
1550873
212577
1499156
662616
857085
2028962
2046053
952406
256418
1765528
2850994
402127
1679387
1285277
275069
156124
1025298
304558
672729
1700082
1581850
1757666
2400271
656031
925210
243083
5493
1038175
366471
1631337
226143
3005898
734967
4246
1617054
1726853
1768173
2255872
1341303
1465418
203850
27482
1457325
695365
1628079
1258590
2044352
2614370
888256
13077
96831
260343
2619534
1358029
1438158
555184
2432965
1396209
1477102
1025155
1193948
632535
1419415
1938533
232558
2141598
776781
2217869
1368333
1413096
699671
675191
480879
3004499
2388008
1618051
1421541
1118495
1133542
1931434
733513
1838903
201304
94460
2361128
2669386
1340208
1111699
1782123
249056
2418754
2545561
1385693
253346
1430501
1736371
899107
2264123
1297726
2458878
1511740
1436860
2235200
3053528
1412336
105154
1666184
417051
933073
225126
685911
1621515
2421752
2795398
287195
279481
2134072
2191235
778370
1103426
1522058
1736173
3228824
1527010
1399202
1351900
319562
480523
1013177
2164242
1288356
2209315
887765
3051365
2630850
1398858
60286
211575
2005894
180758
681415
1262820
257679
111818
1017445
640961
691591
756658
1398398
2068039
1455962
458965
87660
1194795
