641
1356
1724
2378
2529
2680
3071
3145
5213
5445
6403
7404
9010
9284
9731
10273
10381
12181
15625
15935
16298
16631
17402
17619
18490
19248
20035
20874
24576
24744
24810
27755
28848
29447
29508
29947
32224
33147
35601
36165
37456
38110
38427
40747
42188
43923
44764
45126
45127
45492
45544
49941
51165
51420
55076
55254
60518
60885
62785
62867
63798
64033
67766
68060
68927
71111
73539
74154
74592
76109
76578
76964
77606
78564
83227
84411
84500
85028
86502
86618
88971
90548
91280
91607
93124
93622
93642
97604
97720
98906
99840
103176
108146
108214
109923
110683
111921
113351
113490
113653
116852
117647
118567
122509
126663
132538
137391
155727
158937
163522
163858
169975
173642
180148
186728
192215
192225
192833
197635
198170
199159
206629
207815
215411
221854
222671
232782
235336
239355
239784
274722
275519
281020
291009
291816
293022
296016
306369
307498
309597
311141
311874
314004
316319
316813
316854
335433
351054
357760
361837
369459
372818
373564
387599
390871
400128
405695
408922
409843
412288
421612
431500
450757
454263
461048
461677
470607
481144
488352
493141
506497
509727
510318
514155
516805
517674
522771
523812
553197
560722
568191
633389
633708
643426
643471
645033
646540
654089
660926
668187
670588
671748
679029
684384
699672
699889
704303
715260
716452
726999
736881
751299
763601
772012
774196
779789
794399
818624
819483
827541
861913
886021
887352
894293
904825
929022
938343
964209
965956
967113
985437
986430
1020420
1031821
1035676
1038840
1039553
1049559
1139418
1146958
1163312
1173750
1185164
1192787
1208202
1223585
1295675
1305099
1317045
1347808
1351715
1352606
1361208
1372615
1372616
1391346
1401297
1421605
1553965
1562404
1602488
1628942
1639112
1704461
1707742
1844647
1850675
1889016
1913516
1959773
1996063
2002579
2008593
2008702
2105283
2116318
2132176
2137337
2155828
2257313
2308217
2423142
2463227
2501483
2749003
2808300
2901937
3002909
3138999
3234475
3247666
