92189
286838
16278
136374
98510
44282
1062602
1428431
22466
676509
178193
2109517
175638
683486
91155
85503
494288
125391
444223
969987
23669
853444
1123123
2379887
71014
134133
1042473
310818
985277
396428
434730
3108838
88259
234300
1253356
960741
1426856
635586
84694
203843
611404
830685
276088
509909
1200548
1230589
307122
268904
529974
328980
222011
2702182
82371
223024
1122376
129686
2843
124813
562070
1180228
125627
447801
46266
158571
2242419
841153
4310
41512
79114
1449711
2210573
198034
213351
13856
220435
1122202
1116306
8332
119707
11625
2114383
1462702
587953
5731
2694621
203956
1347238
1375134
1047238
279534
334056
536380
129853
1048027
2801630
299526
254030
271883
1133201
2990253
2434811
1193217
56292
81888
178814
1298842
353612
360814
650853
567398
1794645
1607267
959910
607247
2088076
2359255
2849927
94793
83678
636887
1931583
233946
171543
125074
321942
8814
1360
1261493
1416563
649955
802251
148751
74915
33458
76043
201178
669932
88418
1600506
197431
981554
2608516
3190596
87421
126307
96546
826817
89644
87657
102142
226922
2341
200908
15546
70037
422583
335603
595831
44271
365945
175386
830785
62847
195902
276569
287840
61655
541449
205468
405
1085
112143
211013
315479
414761
480445
1191543
37900
1062918
1541954
1993453
5360
79332
107078
21678
20988
189037
21013
4932
21659
213574
114405
37739
997925
59544
227613
35708
20632
5951
393140
428525
480587
72021
406265
87704
1495712
188615
250623
14231
677442
1612
9840
54900
77526
89141
152750
50075
11979
166001
408764
1129835
723335
1390711
12495
747874
2095814
185520
97268
505176
1129066
156621
13646
516187
123566
1083782
2258815
174945
175459
2220036
2421127
540566
132595
1261602
21796
204657
158068
2703083
2287863
27061
37442
282810
222798
2230
218887
440002
318454
893937
242784
248711
375450
208933
417429
1082903
2802411
1446927
230706
13072
106505
174686
376542
115643
80647
46550
270718
253488
249028
449879
79334
324214
1226061
95645
69284
2296950
2421
187145
1848
14564
140625
734536
96741
318621
43848
55246
134845
205443
409460
2925868
1537163
402300
1325799
349416
1475848
91410
449991
609082
2687095
553932
1482097
130
173605
7567
1361529
2832968
2225963
2256438
2595944
2226259
1474472
1533921
181253
779770
992610
75284
31044
34324
423343
1809712
453139
1394051
484190
3045933
2681517
2268392
2675612
189824
161957
442911
465930
114162
203964
783130
1137486
87317
117486
66232
2232848
867848
472290
774772
29032
1201767
34316
34036
2913148
74530
29778
1388037
1672696
49018
560658
3024390
15747
35661
84763
302612
10241
203483
1185987
1347651
317995
447048
2630702
2817125
41884
68731
81717
124856
154559
2218661
136
62950
27001
7127
996097
2889259
2901152
65442
1365486
121711
4027
877200
30980
157337
1151517
91214
409530
1792755
1201755
933426
148064
461813
98823
101278
105947
115498
433344
434974
102438
1615922
505538
206841
105889
838498
14085
234767
38284
177091
2752060
414573
1456781
3015556
1574544
210563
407459
516623
85184
136366
115191
190909
214365
231253
2948110
1489437
254349
1040432
908239
59991
85860
1038125
1444806
2251415
329872
258900
345542
680934
133362
167639
467043
1219
130512
405967
512175
66098
66447
209060
1171507
1108198
1544319
72325
80534
481195
734558
2610503
2610516
46763
110466
202678
667509
424158
2070290
633610
833700
221638
1006043
8092
17363
105034
111162
222952
36120
226525
197909
152947
115020
383539
266564
194243
379178
975703
1393755
2571276
210016
1116023
355087
340150
13584
54267
245207
198214
203541
165273
6976
1492
11880
458127
445430
123503
57876
107909
40401
395488
646806
232793
143389
49730
265626
933
10730
338
55036
64358
14236
11894
1320703
2788807
440025
119389
2587762
1022
25879
41217
89035
117793
118683
80604
313188
372779
394650
134274
93226
293850
365170
827367
857761
215449
101331
141450
210616
234142
2363033
375161
941893
152031
813296
646
43646
84568
2078731
2861378
2568961
183670
14303
604019
1817270
256186
1715091
132161
200262
3218846
2172343
2625226
239846
400390
593402
242577
2973
501
2990269
2533007
538718
443040
756172
932163
122158
1288885
220888
1513689
187176
303298
2218780
356837
36185
809486
842975
1618575
1058782
43410
348935
1476983
138045
1634184
20005
637072
2533014
2547126
2940946
2655107
302175
1381048
1381606
521843
5225
683351
2551723
647502
193209
2311087
413577
246357
225796
2369443
245334
7336
680167
1808767
552953
2465535
475718
213654
685154
207247
159756
196368
930133
1495683
696193
109506
175639
112792
221263
56810
849187
81088
331018
1320702
408783
843525
1039901
296746
26008
23665
220843
654976
451
169142
696893
24479
351350
339057
230303
1103563
535838
109829
418794
8806
1155883
11138
491469
48735
130181
184063
2249579
201232
351594
384633
2453653
2896143
311580
596624
428614
387946
779200
225939
242916
286768
192021
114417
26510
323864
954543
221041
2150889
520125
56306
106123
3270
19423
31619
981203
3062102
2850177
113142
67430
2692123
2658696
351403
385925
77897
79196
440789
1519
133780
3020970
23512
101244
74693
56465
109164
2359640
210649
139064
1055930
310104
931292
406355
2917
946309
474714
695382
41661
76494
230866
2245550
462073
1124555
393954
187339
15447
865342
241553
20483
197690
1391731
96852
198648
80622
192152
194458
52025
204019
694
40350
83480
3017353
155378
11660
59372
879221
310336
2857531
189493
208731
274549
1481935
73518
56920
1550517
151336
1959464
134094
98273
2514
407501
1011
33257
6487
191699
1840891
1311596
911798
149642
75104
104835
952548
89855
204255
152244
358949
401693
326783
51542
305693
36847
1838720
2250668
3411
510503
15547
1143535
900763
770834
48308
1119085
446963
519858
819506
1415233
2938782
2226302
659932
2230655
72475
373877
434398
251079
2719116
40877
37625
323528
515664
467556
11412
2992874
2715893
51855
593465
59959
256284
211659
2553020
123346
683259
136006
475359
2871057
1113583
251825
356188
199639
1291802
215555
225888
1292388
90070
29143
6843
264557
12417
1115478
233171
245939
142424
638789
1227140
337593
2255410
2524354
1384
85451
687647
86356
89193
224933
243963
1458623
179603
72012
83579
447715
675511
477822
360029
361175
25475
231433
1053231
101498
2877398
189916
3011252
151439
1056045
248868
3631
255676
851628
1441893
263782
179663
428829
42107
1119495
140916
710959
1064098
80676
87005
1794668
1976178
392228
38325
249304
145764
1731380
946296
1288984
473470
1765226
1513698
1127067
965246
177663
690682
390135
1753258
1004176
365602
362392
613336
2542590
2981997
30083
78655
102382
2654226
1158920
475458
192806
161800
83901
4172
80418
329239
