750
76425
67235
141841
680958
128280
225397
438383
55955
58054
2342361
1402760
194869
1142531
93764
60216
473422
5435
33960
723558
1108918
21899
624628
124345
72763
202201
146244
456680
134724
431162
50384
515749
74399
38684
261472
1048279
76517
956085
83693
351601
79428
756644
383059
73055
235903
1293
608069
134800
30294
96067
561312
265922
93839
1285712
2841477
479794
57673
327657
354549
91604
83541
73931
1192229
3219165
1153131
2242685
412558
1550992
873931
385307
22945
449938
82931
144905
187640
135019
97521
58873
199646
212088
25631
39530
1191038
128043
187699
127887
266240
14870
477168
636761
389160
1442071
13184
883114
114276
98900
105976
112655
9320
297099
2082969
121254
70813
414472
1252654
95113
165714
27090
217392
