710
2837
8819
10558
13093
17258
17902
19740
19776
25467
29215
33426
33515
33997
34747
38150
39410
40053
40171
40175
41408
44605
45471
50401
54603
54659
57066
57194
57495
57793
59782
60581
63881
64207
69692
70136
76540
77451
87207
87534
88225
88776
89581
89989
92112
97060
100211
100273
101348
102401
108666
114332
116302
117387
118544
119445
119638
120737
122601
122979
123680
123817
124527
124612
128765
129866
136965
140046
140899
141594
146095
146173
146331
146651
147884
149904
151939
151975
159137
161562
162474
166093
166204
169907
170993
172065
172131
173228
174407
182484
189836
190038
190562
192110
192854
194302
195374
203029
203386
205334
206095
207047
207101
207357
207599
208428
209434
212281
212991
218006
219393
221572
223311
223467
225078
228202
231489
231949
232604
239379
239732
242441
242709
244124
247075
250534
252648
252660
252760
256974
257015
258278
258454
262399
263601
267414
267561
267917
269443
270581
273443
275423
276360
278188
279927
280027
281718
291540
292095
296453
296965
298490
301428
302237
302363
302370
304141
304739
306124
307584
308897
311315
314376
315946
317072
318831
321166
326954
328530
330448
331871
337602
341493
348917
355090
356572
356585
365101
365911
377097
379801
380835
381000
381318
381655
383341
386601
387628
389382
389586
392004
393283
394136
394424
394986
398482
399575
400812
401094
401862
403563
407098
415178
418399
428520
429121
429694
433107
433743
434961
437435
438337
438922
440259
442688
445656
446375
450459
450712
457550
457703
459779
461196
461618
463387
466005
469698
470171
472944
482008
484213
485622
487034
494456
497601
498952
501124
503618
518505
518507
532617
533797
536390
536732
545426
547264
548660
549769
557532
557811
559341
561760
582917
593389
595459
599527
607971
618997
630265
631328
640046
640755
644359
644679
646940
648142
648351
650915
654439
657191
660161
660928
660986
661511
670827
671822
672623
674030
674077
675798
675948
676222
676857
677246
682931
687672
691291
694913
697817
700698
704894
713253
714135
714987
723988
726956
735841
739528
743495
743877
746860
748824
753067
755124
757529
758842
769725
770468
775766
776670
776753
777121
779062
779201
783114
803988
804640
812541
814905
819591
820832
821894
831053
839457
849725
849849
851889
852433
853785
855582
856440
857938
867162
867622
869242
878740
879321
882785
884173
894020
916558
918374
923355
930353
933549
941229
946897
954597
956548
962211
962790
965507
972015
981197
984725
989365
990243
997527
1004632
1010048
1016457
1033684
1034389
1035858
1036085
1039917
1046683
1058278
1060029
1060048
1062037
1071451
1072364
1097089
1100278
1110916
1112247
1127592
1129170
1135873
1139133
1142722
1146997
1153713
1155250
1171012
1171342
1175098
1184484
1185037
1187556
1188693
1190358
1194002
1195042
1196157
1196177
1198118
1207621
1209360
1213705
1213921
1216363
1220145
1220902
1241350
1246632
1246711
1255408
1258359
1266642
1275986
1280609
1281750
1283588
1283716
1284003
1284341
1287061
1291114
1294027
1297841
1299321
1299523
1302509
1303541
1311308
1312597
1313670
1317354
1322810
1324216
1332755
1335035
1335969
1336308
1338943
1347650
1356217
1360060
1360552
1366606
1370586
1377568
1377642
1384955
1388873
1393458
1396134
1396431
1397209
1401224
1401232
1405916
1407588
1413195
1414563
1415910
1417345
1418095
1419673
1422641
1428547
1429671
1429931
1436195
1447409
1449901
1451596
1454845
1459280
1461304
1462412
1463217
1465141
1485757
1488907
1491163
1510227
1518626
1519800
1520865
1530830
1532609
1536743
1537270
1541987
1543964
1544599
1545057
1549056
1553617
1604875
1606971
1608296
1613953
1622713
1622783
1624014
1624152
1625713
1633162
1634561
1634993
1635890
1639386
1658077
1659333
1663738
1673432
1686547
1701463
1702427
1703169
1704384
1710590
1711576
1716178
1723427
1724074
1728098
1731450
1734288
1742148
1756887
1759617
1760348
1772194
1772201
1777823
1780335
1807868
1820248
1822569
1828335
1829302
1837768
1854809
1876904
1877259
1877874
1882227
1888779
1889507
1894527
1899923
1925488
1929135
1939313
1951595
1959731
1960545
1969183
1979164
2002278
2021432
2028910
2030619
2032683
2036097
2064949
2069482
2081249
2088598
2111516
2115554
2119844
2126692
2129263
2153957
2164856
2175344
2176051
2180834
2220414
2225076
2243254
2247130
2251824
2252731
2256040
2289905
2304103
2306915
2309488
2345718
2350566
2351060
2356227
2356794
2391818
2396879
2414949
2418057
2446414
2454119
2487934
2545435
2552745
2555723
2567042
2585880
2632401
2649859
2682273
2682360
2688336
2698460
2705147
2718545
2752336
2789712
2804457
2851469
2854172
2865654
2867377
2899502
2967269
2983775
3109082
3112541
3154606
3166477
3189915
3221802
3223969
