149
222
312
445
528
734
877
1305
1832
2050
2075
2414
2791
3118
3157
3222
3955
4194
4690
4937
5349
5556
5566
5581
5931
6490
6492
6629
6717
6831
6931
7207
7240
7777
7858
7859
8211
8228
8532
8765
9466
9523
9685
9728
10292
10411
10470
10476
10488
10528
10889
11057
11348
11445
11529
11683
11700
11807
11816
11917
12049
12743
12801
12889
14232
14299
14690
14759
14796
14974
15286
15484
15653
15726
15809
16220
16460
16501
16771
16782
16815
16876
17035
17146
17150
17236
17593
17614
17947
18330
18551
18729
18986
19634
19779
19796
19813
19827
20006
20170
20181
20438
20513
20759
20849
20892
20926
21099
21301
21327
21658
21753
22042
22245
22536
22538
22774
22779
22823
22948
23118
23331
24085
24321
24556
24594
25054
25527
25577
25690
25715
26105
26588
26682
27903
28114
28228
29871
30057
30486
30713
30927
30943
31179
31967
32376
32479
32864
32868
32962
33091
33136
33179
33538
33787
33905
33989
34198
34492
34673
35122
35230
35317
35614
35953
36322
36412
36539
36544
36821
36895
37069
37155
37439
38096
38184
38625
38753
38831
38869
39152
39206
39292
39358
39481
39712
40023
40057
40102
40154
40203
40210
40622
40629
40996
41078
41192
41405
41867
41953
42568
42804
43570
43636
43768
43853
43905
43961
44125
44321
44722
44848
44960
44988
45033
45262
45523
45757
46234
46359
46656
46956
47143
47235
47285
47847
47976
48234
48372
48683
48778
49248
49320
49431
49493
49510
49662
49864
49873
49959
50566
50684
50817
51080
51589
51606
52414
52552
52591
52608
52843
53911
55211
55275
55668
55698
55845
56486
57477
57480
57550
58673
58720
58849
59044
59586
60009
60215
60736
61063
61326
61625
61728
61912
61963
62234
62599
63172
63774
63806
64836
65900
66261
66357
66676
67412
68715
68900
69306
69425
69683
70884
71243
71827
72025
72137
72207
72389
72776
72993
73128
73645
73646
73768
74455
74456
74647
75294
75645
75660
75764
75894
77068
77215
77561
77824
78004
78087
78111
78259
78606
79830
79871
80365
80406
80742
81482
81526
81784
82135
82582
82752
83059
83115
83120
83144
83610
83648
83961
84117
84592
84979
85357
85558
85637
86178
86257
86536
86660
86751
86850
87145
87221
87521
87571
87719
87958
88077
88403
88554
88877
88977
89459
89569
89737
89785
90346
90648
90952
91660
92318
92454
92612
93236
93287
93544
93638
93761
93792
93803
93867
94128
94191
94209
94275
94315
94795
94933
95126
95420
95517
96362
96395
96896
97139
97353
97602
97765
98079
98171
98274
98288
98406
98500
99029
99416
100028
100298
101032
101219
101239
101585
102263
102330
102367
102544
102974
103108
103421
104054
104104
104139
104200
104248
105109
105205
106314
106544
106672
106723
107259
107353
107920
107982
108371
108524
110478
110480
110731
111276
111679
111843
112122
112403
112406
112407
112411
112437
113392
113579
113918
113929
114183
114209
114574
114652
114656
114741
114763
115281
115587
116170
116309
117080
117317
117706
118257
118355
118750
118949
119182
119420
119803
119916
120396
120597
121997
122869
124221
124407
124562
125370
126038
126200
126546
126816
127024
127583
128193
128202
129495
130536
131619
131838
132125
132414
132469
132624
132739
133626
133827
133866
134041
134239
134318
134732
134940
135313
135369
135812
136159
136285
136705
136745
137922
138369
138649
139177
139543
140496
140640
141316
141374
141782
142657
142715
143164
145206
145293
145363
146223
146917
147384
147419
147949
148426
148650
149508
149920
150097
150281
150346
150653
150805
150974
151348
151371
151540
151640
152552
152678
153647
153738
153828
153897
154604
155006
155056
155339
155514
155606
156015
156366
156438
156761
156953
157224
157731
157907
157951
158282
158388
158546
158678
159025
159364
159593
159617
159855
160164
160201
160474
161153
162465
162538
163680
163843
163882
163927
164331
165810
167447
167543
167637
167730
167787
167985
168094
168183
168504
168624
169032
169307
170205
170280
170410
171790
171808
172143
172146
172259
173116
173382
174564
174825
174880
174989
175021
175226
175611
176562
176772
177379
177733
178149
178595
178794
179339
180058
180565
181793
181794
181857
181939
182093
182458
182526
182680
184657
186616
187951
187961
188158
188366
188618
188785
189335
189368
189520
189532
189993
190103
190346
190354
191037
192020
192036
192166
192578
192655
193069
193334
193584
193912
194185
194195
194847
195141
195226
195237
195664
195767
195800
196028
196643
196931
196967
197361
197458
197666
197807
197887
198534
198809
199223
199766
199775
200116
200289
200462
200521
200529
200637
200888
200892
201171
201650
201670
201834
202040
202096
202569
202782
202843
203310
203709
204067
204146
204497
204590
205183
205194
205821
205853
206079
206545
206869
206888
206914
206918
206938
206941
207762
208132
208192
208204
208467
208660
209085
210516
210653
210891
211186
211209
211265
211486
211548
212133
212193
212463
212521
212594
212926
213067
213610
213735
214199
214989
215028
215074
215564
215742
216370
216658
217147
217867
217892
218017
218311
218497
218543
218663
219172
219295
219543
219752
220131
220522
220608
220851
220949
221003
221417
222044
222181
223186
223727
223825
223937
224530
224557
225277
225390
225916
226072
227174
229828
229853
230132
230319
230355
230744
230917
231447
231452
231794
231931
232010
232237
232502
232512
233144
233233
233895
234129
234431
235136
235137
235413
235944
236238
236634
237614
238713
239055
239359
241031
241591
242587
243141
243168
243229
243562
243877
244028
244479
244962
246820
247186
247597
247700
247999
249253
250699
250745
250771
251706
252376
252392
252399
252750
253670
253825
254206
254947
255152
255708
255836
255866
256814
256998
257050
258757
258763
258825
260144
260233
260794
260807
261377
261787
261834
262233
262348
262514
262641
262927
262941
263347
263380
263591
264176
264528
264555
267074
267810
268064
268521
268974
270335
270437
271166
271339
273021
273079
273235
273840
273886
274543
275298
275924
275961
276659
276982
277847
278334
278801
279171
279342
279455
279458
279517
279539
280726
280890
280907
281641
281922
283367
283548
283648
283736
284559
287129
287296
287345
287543
287742
288631
289168
293014
294067
294958
295194
295557
295647
295821
295983
296032
297482
297775
299009
299039
299729
300369
300480
300876
301336
304020
304087
304443
304989
305169
305499
305514
307439
308939
308975
308995
309641
309654
312427
312717
313048
313929
315697
316684
316714
317164
317358
318357
318949
319228
319306
319609
319655
319959
321460
323498
324365
324714
325216
325240
326172
326347
326928
327393
328191
328524
328527
328545
329778
330912
331031
331075
331262
331274
331423
332866
332956
333724
334961
335472
336385
336398
337033
337476
338498
339731
340378
340880
341982
342193
343667
345021
346114
346825
346884
347688
348510
348531
348879
349539
349877
350469
351296
351306
351320
351469
351836
352757
353000
353289
354101
354579
354838
355507
355580
356777
357232
357400
357440
357556
358177
358563
358831
359165
359239
359533
360684
361741
362279
362341
363490
363576
364654
365033
365089
365218
365420
365465
365867
366489
366690
368826
370037
371086
371759
372755
374552
374653
375039
375758
376008
376024
376290
378589
380491
381633
382335
382951
383006
383120
383509
383589
383820
383929
383952
384430
384623
384688
384899
386085
386152
386212
386334
386703
387336
387614
388743
388998
389435
389571
390040
390598
390798
391189
392064
392991
393470
393552
395100
395127
395734
395780
395929
396182
396223
397883
398018
398066
398151
398392
398557
398565
398634
400532
401657
401793
402828
403004
403083
404591
404732
405039
405383
405602
405688
406288
406563
407190
407258
407841
408012
408410
409166
409872
410293
410939
411031
411142
411169
411244
411916
414190
415111
415576
415634
416268
416470
416658
417046
417739
417946
418137
418736
419268
424134
429093
429878
430866
431520
433422
433534
434507
434526
434914
435415
435834
437086
437178
437382
439385
439465
440168
440528
441200
441932
442026
442028
442247
442836
443265
443794
443990
444250
444566
444793
445345
445456
445594
445935
445971
445980
446522
447506
447602
448017
448239
448360
448707
448880
449170
449497
450152
450589
450820
451555
451817
452358
452443
452536
452545
452564
452839
454691
454987
456437
456609
457063
457544
457757
457826
458364
459823
459853
460192
463865
464105
465088
466199
467633
468400
469284
470166
470361
470715
471998
472301
472370
472959
473209
473881
474468
474755
474782
475465
476139
476264
476891
477377
477656
478064
478241
478414
479000
479130
479242
479882
480096
480805
481502
482197
482302
482386
482831
484064
484330
484463
485428
489886
490176
491076
491646
496165
498553
498604
498903
499063
501504
502272
503161
503876
506776
507471
508739
509165
510193
510568
510756
513592
515051
515797
516829
517387
518078
519345
520407
520532
521186
521566
522003
522689
523417
527185
529397
529747
530289
532442
533199
533436
535259
538198
541311
543536
545407
545669
545741
547918
548169
549439
551387
552655
553151
553269
553655
553748
555091
555554
556967
557616
557735
557870
557881
558225
558310
558467
559057
560406
561533
561580
565059
565091
568265
571905
572000
575157
575516
577685
579165
588837
593426
595647
595837
599040
600501
601028
601711
601778
604868
605302
606006
607701
608927
609673
611696
611763
612270
612308
615906
617482
619110
619345
619831
623804
624071
627526
631934
633050
633587
634103
634939
636832
637975
638117
639105
639345
639421
639780
639984
640379
642543
643085
643403
643608
645159
645379
646233
646852
646996
647438
647609
647712
647725
648488
648570
648930
649112
650161
650701
651620
652063
652386
652603
653070
653874
653904
654831
654940
655056
656226
656629
656752
657031
657642
658150
658715
658737
659145
659355
659496
660655
660692
660749
660764
661400
661613
662384
662519
662904
663026
663434
663785
664204
664237
664613
667478
668736
668804
670638
672380
672763
672931
673094
673763
674146
675542
675870
676073
677469
678264
678270
678421
678696
678715
678959
679056
679627
679830
681113
682679
684042
685215
689156
689851
689875
689907
690640
691169
691681
693027
693133
696831
698252
698440
699506
699795
701753
701962
707230
709462
710515
710520
712261
713022
714384
719569
721010
721818
730297
730405
730578
730749
730947
731820
732342
732409
732425
732489
732751
734024
734352
734906
736997
737017
737645
738133
740166
742443
747462
748605
749875
752323
752440
756271
756756
757461
760737
760956
763427
764580
767008
768116
768700
770707
770949
771163
773169
774727
775895
777771
779947
780987
782771
782864
782977
787340
788240
790204
791312
794379
796978
798924
800021
800081
802003
803777
804431
806308
808802
808804
809215
809417
812616
815275
816181
817081
818787
819455
819776
819974
820022
820551
821228
822030
822215
822582
824041
824624
827961
829082
829091
831517
834436
837996
838027
838139
840882
841078
849727
850269
850748
851218
851661
855096
855746
857944
859501
860794
863788
864772
866584
867207
868513
869548
869631
870214
871968
875337
875342
877093
878792
879129
879526
884404
884520
884911
884976
886344
888017
889430
889510
889837
890278
891328
895133
896947
898020
898287
900934
901194
901777
905340
906189
907594
907904
908178
909169
910011
910069
910192
910765
912705
920727
921472
928040
928736
929061
944636
946221
947051
947280
947979
948012
949232
949358
951017
951375
951935
952011
953843
954464
955313
955626
956468
956749
957940
959667
961996
963705
963949
964379
972587
977007
980380
981695
981917
985332
989252
992497
992653
993681
998656
999692
1001268
1001824
1001962
1002011
1003706
1008646
1009490
1011371
1012177
1013357
1018093
1025003
1025268
1028703
1033981
1035674
1036139
1037807
1038400
1038895
1041574
1042856
1045106
1047281
1047616
1050223
1051091
1052876
1053303
1056322
1058403
1059276
1059520
1059808
1062319
1070316
1070456
1071734
1074400
1075072
1075179
1082510
1082947
1087087
1091565
1093280
1093924
1097105
1102457
1104231
1105159
1109028
1109830
1110085
1110096
1110099
1112085
1112099
1112951
1113315
1113449
1114916
1115342
1118993
1121688
1123538
1123711
1124389
1124435
1126836
1126896
1127250
1127282
1127677
1128387
1128929
1129125
1129667
1130043
1130443
1131599
1134764
1136228
1139645
1142028
1145505
1146199
1146420
1146508
1147235
1147386
1148673
1148707
1149252
1149438
1149868
1150094
1150648
1150801
1151037
1152732
1153256
1153765
1154348
1155052
1162978
1163020
1165316
1165562
1167860
1169231
1170444
1172355
1173917
1174772
1175471
1176377
1176378
1176447
1177354
1180389
1180944
1181151
1187264
1187828
1190134
1191000
1191130
1191499
1194735
1195141
1199591
1201367
1204658
1208038
1212217
1225457
1226954
1231432
1237343
1238969
1246896
1247044
1247046
1247049
1249494
1253121
1254028
1254562
1256341
1256500
1257668
1257734
1259569
1260216
1277326
1278711
1279113
1279367
1279481
1280522
1288085
1288349
1290095
1294867
1296675
1299184
1303006
1306836
1307327
1309203
1309748
1311427
1313570
1317449
1324479
1327014
1327726
1328575
1330268
1335560
1336653
1337594
1343534
1345909
1351567
1354005
1356528
1357587
1359422
1360018
1362038
1362212
1362305
1362962
1364940
1367142
1368424
1368699
1373612
1375663
1375921
1377560
1377778
1382814
1382825
1382826
1382830
1383894
1385846
1386370
1389841
1392416
1393319
1393780
1394154
1395404
1396069
1396290
1398454
1400677
1401726
1402856
1403676
1405575
1405761
1407953
1408796
1409200
1409213
1410426
1410667
1412360
1416612
1419286
1419550
1424738
1425270
1427594
1429075
1431846
1433595
1433755
1435459
1436255
1441846
1442332
1447757
1450870
1453121
1453380
1454613
1457576
1459272
1460929
1461050
1462188
1462209
1466658
1468289
1471726
1471942
1474123
1478759
1480551
1481997
1482144
1484405
1484657
1486085
1486266
1487928
1490181
1490857
1491151
1494321
1494780
1495257
1497702
1498217
1499940
1500809
1504229
1504836
1505542
1507666
1509725
1510465
1517912
1523017
1523955
1524342
1524406
1526457
1529301
1530367
1533866
1534070
1534982
1538399
1541038
1542380
1546221
1549288
1557898
1561854
1565426
1570410
1574438
1576172
1576304
1583140
1584313
1594731
1595910
1600730
1602031
1602315
1605195
1607344
1611512
1614113
1615441
1616353
1617394
1619797
1625763
1625785
1627340
1627375
1627586
1629446
1629655
1632675
1636005
1636904
1649807
1656010
1658103
1660208
1661885
1662597
1663218
1666457
1666487
1668979
1673416
1687014
1691058
1698444
1699852
1700278
1704672
1706130
1708757
1708804
1710137
1712380
1712386
1714677
1719017
1719392
1722586
1723510
1724136
1730081
1730926
1746924
1749294
1753442
1762917
1763960
1768987
1770911
1771180
1771589
1779136
1792283
1793605
1793924
1794199
1799126
1799940
1799991
1800591
1811091
1826923
1829096
1833898
1835929
1836064
1839399
1840435
1840957
1846037
1854879
1861919
1862448
1862943
1868887
1878102
1882932
1883015
1887866
1889604
1894386
1897475
1904961
1910257
1912141
1916793
1919358
1920762
1931065
1934846
1944574
1951057
1951913
1953888
1954201
1958768
1959861
1960768
1960844
1963311
1963493
1969710
1982006
1982285
1989189
1989485
1990799
1993711
1994163
1999768
2015605
2023764
2024909
2033014
2044081
2050440
2062339
2062479
2062897
2066009
2066011
2071338
2079399
2083630
2086494
2118389
2119478
2121320
2123102
2144047
2144172
2147609
2148159
2151104
2155798
2165827
2193357
2198043
2206567
2224347
2225985
2230065
2231987
2235985
2242301
2244120
2246345
2249931
2254339
2265977
2270598
2275984
2278190
2285291
2285730
2287500
2288403
2288454
2288973
2291707
2297668
2300205
2303054
2313314
2313916
2328784
2331208
2335663
2336608
2338405
2356728
2360724
2365860
2375843
2385695
2386672
2399917
2409182
2426893
2429541
2431825
2433695
2434063
2434679
2436193
2436311
2447690
2451805
2461588
2473456
2486589
2497826
2499553
2505111
2510041
2519678
2525229
2527855
2528466
2530773
2534707
2537481
2539995
2542542
2544766
2544824
2549594
2551420
2551451
2554007
2567173
2568384
2569147
2570013
2573866
2584290
2587034
2588873
2589364
2589433
2590822
2591994
2592488
2595935
2598097
2612256
2621504
2624804
2627403
2633988
2644708
2651099
2653241
2657146
2666021
2667151
2669004
2673418
2677652
2678759
2681509
2681513
2682460
2686420
2686737
2687862
2688300
2688520
2688541
2694121
2694599
2703043
2708584
2711554
2716237
2724931
2733516
2735303
2745647
2749555
2750070
2758954
2764447
2764720
2769941
2775110
2778266
2787754
2791605
2793320
2794772
2798903
2818321
2826693
2842722
2842750
2843096
2843878
2846412
2847199
2848016
2852389
2857526
2860120
2860813
2864472
2864539
2865374
2871007
2874923
2875566
2875609
2875849
2878893
2883325
2885322
2889862
2892185
2892520
2899504
2903950
2907770
2912164
2916601
2922708
2926332
2934057
2940300
2942466
2943264
2944931
2944952
2950046
2951291
2952708
2961932
2964730
2964923
2984584
2986242
2991777
2994981
2999004
3002027
3006677
3008010
3020001
3021747
3023804
3041374
3046079
3057577
3060889
3061878
3101624
3126621
3127781
3140939
3162069
3162423
3172149
3176671
3180708
3220566
3226448
3227523
3235455
3236582
3249333
