207489
2643
675580
87796
52299
395493
62294
48425
153004
16974
28618
498572
18404
8829
821362
1721551
106896
1390525
1877674
2097
49869
68249
675761
3038515
235309
778830
37217
1420897
436401
470458
9499
2320
2289
188674
116273
53960
65340
57665
351832
242579
21437
65534
244806
4588
793
62111
239826
2548764
737946
517916
215966
18029
690660
127966
2092
27363
1966584
303182
380743
60707
373057
942571
96237
233950
937848
1232246
36656
393091
1065
190513
699164
4076
887260
962124
406461
7563
122177
1444975
724380
496014
256436
108242
281802
8357
203425
952528
1004109
1281708
254134
16609
725927
7484
1094800
400802
65663
171688
646577
694983
59907
55855
287401
99536
2545889
471942
1793779
1025381
390145
63657
3186
843520
727508
347576
1555928
277819
1390
513235
128154
3037588
1175597
1216658
884674
1652977
2640010
86483
924721
301059
1667503
159107
29221
43062
280422
454451
2492414
68218
187148
281509
36889
179861
356209
354444
945621
22111
365768
401127
48980
1361297
49220
37683
1286382
1353670
908821
116665
737417
154016
156373
673057
168464
51714
124779
6615
707632
129425
733966
446529
22446
368326
36311
15719
599826
599827
275698
1306615
857646
1923312
142349
334597
398839
413480
548592
644354
679650
730058
2065791
2894820
116965
1187869
143450
106008
48701
254439
200374
16179
2164731
2341235
185803
41051
52424
