344
401
4041
7904
11350
14194
18890
19510
19679
19748
20341
24874
28400
30356
30807
32907
34715
38193
39620
42005
42119
42166
42235
42748
44466
44485
44756
45427
49569
49594
50655
54065
54070
54317
55025
62345
63486
67341
67676
67707
67863
72282
79954
81823
82924
83022
84889
87720
87733
88712
89469
90546
91260
94181
96422
96898
96927
98381
98595
98878
99401
101768
103447
103584
104644
106628
107765
107907
108213
108543
108653
109303
109639
112559
113375
121047
122062
122591
122897
123864
126911
128203
131169
135905
136126
136611
139450
139478
139512
139811
141430
142326
142400
144551
144597
144621
148513
150477
152846
153439
157844
158417
159132
160711
161720
162935
167429
168216
168756
171845
172453
174230
174868
179434
182808
182906
183891
184115
186964
187446
190934
191291
194169
194221
196337
196750
199047
199819
200102
201071
201357
202151
206374
208168
211197
212097
212230
214067
217049
218454
219668
221760
223680
224965
226206
228057
230649
230857
230937
232927
233022
239543
244542
246073
247255
248654
252865
253140
259145
259176
259869
260243
260675
262868
264111
265442
269509
271029
276428
276506
278289
280913
283838
286448
293689
294097
294287
296579
299597
300457
304325
307099
312471
312599
314117
318467
318552
318944
321564
323904
327542
329516
333023
333148
333868
336867
340042
340812
341125
353652
353811
353880
357387
357531
358545
362216
363467
365883
366110
367885
368070
370006
372481
374360
375230
376948
377477
377998
378161
378165
379045
379206
382147
383317
383679
385516
386954
387420
388469
391032
397371
397598
399136
400112
402941
404500
404943
405276
405339
406756
407766
408682
409515
410230
411275
411516
416198
416338
417037
417515
417645
417754
418014
433109
434120
434320
435560
438721
439305
441523
442529
443400
446120
447876
449658
450527
452759
453798
456844
457014
457858
470172
470524
472441
474513
477115
481639
482271
490548
492224
493921
494574
507093
509652
510548
514544
514928
520749
523463
523595
526121
527007
545666
552378
558696
558799
560459
561377
564375
568023
572466
582585
600498
604966
606144
615216
636709
643661
644119
644209
647614
647693
648002
648207
657218
659243
659870
660888
660971
662496
663494
664107
668317
672800
675888
677172
677956
680268
681308
681507
691605
694238
696651
702161
709048
715048
715833
719751
722754
724870
726435
727802
735243
740837
740993
747228
760156
768457
774113
775919
776946
779982
780486
790655
792056
793057
799705
806721
807763
812284
819312
821591
829241
835134
845480
845790
850299
859938
881681
883910
884322
888232
894361
894491
897857
906723
906757
909693
913068
915017
919575
928375
928664
933058
945356
946686
951734
951788
954607
954760
955443
965510
968589
972696
973127
992243
1013431
1043102
1051512
1051839
1055529
1055714
1055924
1065932
1074183
1077886
1094892
1095285
1105780
1106356
1110566
1116857
1126508
1141808
1142464
1143001
1150381
1163085
1169541
1171576
1179926
1182153
1185494
1194785
1197096
1204652
1204697
1213334
1214209
1234525
1235456
1239332
1241585
1251440
1260590
1260620
1264941
1279390
1279975
1280214
1283278
1295550
1295923
1296423
1297503
1302580
1304738
1305790
1313453
1315423
1326592
1334922
1335116
1336315
1337464
1338253
1338731
1341694
1344040
1347284
1348188
1349923
1368632
1369913
1383084
1384709
1385416
1397989
1399489
1402838
1404031
1409254
1411566
1413718
1414570
1415859
1417284
1421639
1427367
1429724
1436844
1447192
1452446
1453021
1455825
1467389
1470114
1471654
1475785
1476873
1478272
1495130
1503527
1508628
1511328
1522243
1524759
1533857
1541014
1542827
1559688
1570426
1572558
1575694
1589658
1603626
1608382
1617886
1618603
1631804
1632102
1639882
1640440
1663130
1671269
1671994
1675883
1676326
1676738
1696220
1713738
1716599
1716989
1719356
1725269
1733350
1759831
1765096
1788865
1815813
1822644
1839668
1875183
1879361
1883014
1886281
1896390
1929415
1944562
1950529
1951723
1956883
1958372
1965336
1968692
1981080
1989377
1992957
1995051
1995225
2003455
2025070
2030354
2041691
2069099
2070135
2078634
2080601
2081762
2128830
2133056
2136275
2143733
2145017
2152074
2153624
2171074
2171999
2175003
2184864
2194419
2211373
2220768
2221143
2225725
2231825
2232536
2236558
2245373
2245858
2253326
2253683
2279325
2279356
2279482
2279500
2289768
2291420
2298975
2304356
2305043
2310050
2311053
2322200
2330394
2330574
2341226
2344365
2346495
2348611
2373524
2374880
2407263
2425627
2433946
2443556
2445137
2453915
2454241
2458324
2465521
2482943
2485075
2489265
2493665
2494823
2497338
2512478
2524207
2529902
2552826
2563562
2566283
2584613
2612780
2613061
2627056
2656433
2660479
2667531
2672567
2677603
2686920
2691784
2715684
2720572
2740042
2833513
2846205
2848049
2855008
2873589
2898148
2917886
2919515
2920577
2930492
2932129
2955489
2962291
2968667
2985792
2985891
3006172
3011413
3023227
3031713
3052322
3055017
3061735
3064470
3069052
3076108
3087096
3095554
3104692
3110965
3117680
3121229
3130735
3160297
3166413
3183614
3187418
3232583
