120
691
1248
1500
2098
2510
3358
3467
4046
4313
4785
4792
5378
5898
5955
5995
6480
6583
7393
7419
8398
8787
9343
9495
9846
10149
10315
11330
11744
11820
12599
13665
15138
15538
16356
16877
17721
17822
18073
18086
19520
20184
20406
21441
22298
22650
22931
23066
24332
25439
26207
26423
26938
27178
28836
29491
29566
29839
31718
32396
32632
33125
33638
33711
33745
36276
36795
37219
38267
38860
39331
40002
40048
40206
40602
40985
40991
41975
42583
42676
42892
42958
43166
44006
44137
44222
44629
44638
44688
47032
47431
47453
48518
48776
49093
50303
51670
51960
52105
53147
53764
54889
55305
56211
56606
56612
56995
57218
58766
58963
59109
60080
60325
60505
60760
60802
61376
61463
61781
62220
62289
63459
63463
64174
64348
65757
66673
67118
67472
68911
72601
74836
74917
75232
75532
77527
77644
79343
80169
85689
86471
86606
87677
88488
88842
89233
91131
91149
94627
94689
95716
99114
100088
103091
103206
104168
105266
106557
106716
106738
111160
111689
112664
112841
114717
114771
115369
115575
117199
119024
119138
119319
119678
119897
119999
124213
124522
125295
125918
126229
130157
130787
133000
133187
134546
142064
143046
146245
146853
147138
147431
149674
152725
157658
162502
164321
166188
168705
169170
174405
175419
178150
178422
179908
181152
182376
182810
183554
186480
186572
191565
192349
194207
196468
197098
198133
199327
201411
201566
202341
202617
204341
207497
207560
210126
210380
213312
214699
216132
218340
221033
221928
223985
224785
226862
231964
246144
248762
250109
251957
253887
256006
256914
266484
266617
268386
274921
275152
278670
279722
283072
283436
283767
292888
299628
301789
301902
303952
305667
308480
310426
310607
316900
317704
320223
323086
327332
327373
334542
339516
349504
355102
359064
360730
367032
372207
373282
374195
374216
376113
380372
381051
383600
385874
386323
398384
399405
399663
400130
407500
412082
415516
417152
417662
438583
441254
443806
446399
456454
460031
461054
465234
470903
472453
478783
504503
519823
520051
525161
538056
559978
566370
566968
585090
593356
599055
604792
639483
644539
654662
657810
660322
660328
662532
664814
669813
672985
673087
677580
679270
681430
683581
685866
687834
688785
696967
708269
716676
718882
719373
731174
768190
769373
770983
794799
798484
801725
811487
854326
860518
879280
890033
948861
952683
953288
968984
993505
1002562
1004663
1042173
1067544
1071201
1072104
1101369
1101862
1131618
1142616
1150319
1167839
1187799
1231839
1254731
1258127
1261135
1319102
1334833
1343204
1378172
1392611
1398999
1417327
1431905
1479037
1520838
1526174
1565461
1575375
1640186
1668313
1673447
1674732
1683900
1700697
1701128
1734642
1735746
1771590
1814203
1845496
1854620
1934905
2002568
2087798
2203626
2267226
2286956
2289154
2305860
2439159
2460012
2502729
2672863
2699088
2769448
2787185
2843628
2907332
2946250
3156706
3159047
3217533
3226358
