10717
31650
34817
35434
76530
83154
98253
102998
131231
135138
138910
173875
187709
203283
206430
214096
218132
222783
241523
262797
272091
274677
278497
283092
289008
306556
310928
313924
316177
325518
357652
366679
367362
373019
376857
377103
380094
384177
393551
393797
394047
402081
402384
404315
407068
411886
415079
431071
444846
449295
450453
452406
460240
470769
476427
481048
481427
484186
484618
512710
515561
520201
521692
528539
548998
559210
652903
681144
711200
722428
778932
779430
780128
808024
814140
860509
868448
884818
887447
987464
997948
1058362
1105793
1105870
1106139
1116157
1174289
1181801
1198424
1227011
1230740
1248550
1259505
1284885
1297438
1297941
1330640
1331162
1343084
1355184
1375069
1406750
1431896
1454776
1484437
1502307
1527688
1619908
1621884
1726909
1753623
1765809
1786406
1897461
1945731
1991327
1991667
2087372
2144112
2175056
2249866
2308374
2339690
2359940
2480794
2483823
2490702
2616436
2619178
2679300
2872222
3018717
3052710
3064903
3102636
3136502
