132
587
829
1205
1633
1704
1733
1984
2019
2263
2797
3121
3225
3917
3924
4003
5341
6395
6877
7205
7332
8477
8578
8823
8920
9022
9648
9777
10093
10968
11239
11386
11885
11947
12328
13487
13666
14013
14702
15328
15362
15366
16117
16331
16668
17381
17763
17857
18684
18688
18974
19358
19752
20472
21873
22229
23440
23689
23987
25658
26950
27438
28930
30020
31104
31823
33089
33958
35439
37058
37321
37672
38430
38569
38573
38629
39513
39785
40096
40149
41318
43535
43641
44698
48575
50500
50774
51210
51386
51637
52342
53875
54575
55072
55728
56637
58434
58462
60910
60956
61299
61531
61640
63618
63992
65192
66188
67966
69390
69602
71104
72673
72929
74682
76730
76898
76948
77225
77617
80920
81470
81918
82001
83316
83356
84416
84534
85498
86044
86338
86750
87561
88054
88631
88719
91267
91373
91374
91907
92303
94461
97204
97460
98949
99876
100439
100863
102154
102813
103390
103546
104423
106539
108046
108285
109035
109132
109782
111125
117877
118123
119279
119682
120550
122586
124526
125741
126059
126749
131761
132121
138501
138724
141391
142474
142877
144408
144746
145965
146013
147593
150879
152282
152313
155832
157974
158539
161152
161692
162202
162223
167925
168020
168516
169760
169805
170400
171338
171563
171565
171759
172375
174831
180912
181850
182637
184091
184423
187204
188108
190078
190802
191322
192753
192813
193150
194378
195138
196705
197208
201253
204703
205031
205125
209171
211092
212436
212757
213017
214047
217899
218259
223291
223436
225077
225681
225871
226575
227657
233475
233941
234547
235474
235912
238768
244399
247844
253038
253070
255926
264434
265118
266539
266944
267056
267219
267516
272618
273103
273706
274838
275694
277021
279432
279468
282485
283735
291895
292163
297649
299429
300140
300903
302383
302916
306157
312278
313478
316824
319348
319974
324545
325584
327356
327932
329355
329579
334569
334630
339248
340449
341020
348914
349226
350801
351189
352924
353737
357621
358296
364315
364878
365487
365667
369645
370384
370422
371132
371614
372164
373677
374575
374872
375237
378258
378469
383144
385341
385776
385856
387431
387783
388184
390825
392003
400902
402287
402492
404300
405140
408580
414667
415711
415714
415978
416350
417910
417920
433489
433653
439732
443721
446550
448552
449227
449479
451870
454828
454996
456237
459402
459416
460847
465394
466581
469927
470791
470834
474077
477035
477101
497288
506872
507790
514139
514253
518064
519691
524339
532493
537892
537945
550880
557806
558792
560330
565066
569028
590675
592656
593781
598580
602741
612750
619086
627435
627577
636836
637056
637600
639260
640395
643509
646793
656087
657006
658304
658610
658770
658820
660921
661076
661149
661319
662359
664971
666997
676227
677044
677064
678970
680063
683568
685257
685757
690360
690798
692245
695163
697941
698613
701956
705067
709785
718375
721640
724800
726457
729595
729732
733634
736951
744279
749692
766309
773076
774321
777610
780110
786599
787146
792811
793805
797035
801688
804946
827610
846906
852117
856584
857947
858452
861427
864021
866891
868063
869838
875868
876218
886921
903900
924799
934218
946225
950535
951309
959082
959958
960115
962332
964853
975845
987817
991684
992596
997757
1003678
1009298
1017373
1022798
1028636
1053576
1056494
1058064
1062593
1071094
1076012
1094547
1095418
1097892
1103784
1106771
1113150
1118227
1118249
1123233
1125076
1131597
1139599
1155021
1155612
1161674
1162364
1166939
1171253
1171821
1173964
1176612
1186741
1186950
1188544
1191618
1191943
1195925
1197734
1201811
1245357
1248794
1248929
1260567
1281787
1287344
1291905
1292155
1293837
1296986
1329316
1330667
1343049
1343820
1346617
1347521
1354164
1358163
1359494
1359928
1393326
1394533
1396394
1402767
1410775
1412041
1415300
1417124
1423586
1425582
1426163
1440890
1449078
1452787
1458028
1462490
1471018
1472208
1472570
1472590
1474845
1479569
1496829
1508652
1510146
1524417
1536109
1603338
1608862
1619466
1627228
1663093
1685571
1686314
1694201
1695943
1724248
1735353
1746213
1753908
1754460
1755570
1755571
1763500
1792895
1819335
1862003
1875518
1880327
1884694
1888388
1926180
1928112
1954047
1966933
1976012
1996936
2027724
2037278
2060219
2062513
2063668
2083813
2084079
2085473
2087990
2101510
2101516
2134891
2145887
2187050
2193576
2198322
2241943
2258864
2334272
2335714
2357427
2399055
2404542
2492577
2541112
2548437
2573842
2578071
2593523
2600792
2643570
2650181
2770757
2793003
2834366
2835395
2881264
2927900
2938859
2951308
3170571
