131439
40614
179218
1375448
277524
13474
186940
33396
4210
68199
1986405
93670
769943
511720
176593
54006
40330
5468
4204
560660
443692
395013
48211
623954
190711
1190244
375911
1150230
9099
107755
169788
201659
8264
31036
72014
80681
1672587
83327
363402
9972
1761
4917
1562054
2146657
375863
233803
14407
411405
405751
833834
984079
204584
138450
73217
1055653
29930
359686
192792
3247977
66410
8846
395923
1343235
726331
12317
29452
102840
3078369
9910
544968
49892
49893
1937790
750619
385224
3216
186774
60711
39027
461871
39036
85578
1794688
213793
72645
154580
83532
214340
209841
15976
98394
57073
13050
854866
758824
46425
239259
658995
1893305
1302851
49632
10250
134625
434199
12201
2348832
411414
685677
1237218
141734
523306
330388
7018
112588
48136
710201
194270
110818
284712
1220810
3024569
9736
1835192
633027
633034
15687
10260
249485
794463
34665
206778
157293
315538
17467
524179
410151
242479
68846
10202
131239
61885
478848
80761
428645
493230
293603
639020
157756
685127
360920
13062
31917
38462
612722
1150114
62218
358436
1916117
374071
193285
492178
7305
473977
12393
967591
1517962
131722
375382
18063
10183
194991
280045
322193
322396
769142
202392
185073
122485
38811
1069532
1426943
1103331
507153
736581
2422430
527
884416
32425
1433890
465241
408851
849748
1387037
731380
3231
138268
1438736
430817
445497
55807
28056
2086602
49799
247612
43079
218645
1327826
157685
557640
494
92644
558440
812917
639270
633516
1550370
898013
654336
3231074
949953
30781
1537611
368931
204507
216413
2331588
572560
92323
1196957
232804
1849975
371631
807604
23768
109673
19503
1978176
101365
33002
56476
552315
42256
749712
87909
121427
3086205
67577
1388
362
38005
1600
884403
39967
262539
2489090
193369
1206933
3230
33318
27175
22082
234590
718602
44799
327945
100217
1480890
1544990
120060
460036
9407
387091
690500
126192
2784
95650
202655
147922
6619
1467720
131473
654322
216870
151635
2302952
1216606
660672
484075
1728749
157271
589120
144301
451029
430464
564210
398854
290541
297772
622808
38995
1200677
8507
1173907
199492
308499
737955
182515
18448
1158783
219986
460797
743740
128931
216544
656990
1191052
888184
1639767
275959
1154823
129513
2995933
1189670
67624
588719
295169
2717440
442116
321597
2854020
241267
2795741
421313
77495
1507573
1224900
248338
132642
37733
2633
146154
55456
1173870
421087
449419
363236
42177
683797
249096
276559
123895
66059
201649
21108
373169
544078
921297
88559
33740
304665
753518
2242763
421103
1182359
1194510
35585
33861
252647
62354
26501
8583
17051
57675
279380
399929
2247694
618244
1686457
2840696
96802
15975
1302104
1170340
698975
1715987
49837
1346941
212379
93905
287170
19924
816967
883794
1013241
127264
2263844
1183481
118452
782783
2101865
13196
190089
369189
196228
14592
31961
416550
131329
353253
770374
3180669
31788
1227485
441858
36973
110170
9040
112527
320021
18511
1098349
2286851
249983
63751
94281
254537
1695600
953938
91846
792351
1411926
103059
249045
117879
679948
102751
2073711
111835
3095592
502653
126385
2250122
1911
222296
104606
15895
53156
83762
23608
17292
2322085
2190543
3136790
1837220
2782537
2003084
322635
2003646
46082
20646
30396
273554
12760
96695
565327
1469958
2352013
28412
418199
2204205
188411
436713
9411
79483
3046157
55567
93380
89267
28365
689688
629311
1472859
98050
76277
67158
79545
2667
24303
12982
28685
35596
957934
1480906
472844
468530
193206
1787279
1477709
1870256
266568
330495
41087
36461
22464
70240
685817
56431
303120
16209
680204
812671
2979
3468
19186
600131
86448
267739
40218
454885
438833
936790
1448665
654479
269272
234231
1059
66281
6497
8647
1758
2236744
2001573
163408
545554
8078
700019
92640
819204
1313374
2270922
566020
82855
1143605
72483
101235
1109873
123228
121805
794255
95174
1184551
1683880
160545
8011
15217
1223171
2151377
75809
14417
1766028
1804902
250747
2170162
171668
201166
20628
32434
69767
685688
410341
991346
1163132
1243160
737252
258712
35885
2907565
3027083
3032804
273885
220891
416886
1226339
226530
17254
34388
79142
28995
272907
447253
2684753
34064
790048
2839708
45617
152689
2154506
787656
210375
442830
286914
239734
1277907
958953
54561
1257975
1165156
2805963
284991
124610
1241130
503291
1483165
155007
2914299
1740623
38923
91334
30488
2581
1799551
1643370
38793
2210118
1524041
1791817
6936
1288274
1973546
362278
38337
1293482
2379391
348052
1697253
36864
403
1324477
31265
231141
23000
3364
953585
346761
82176
278322
2954713
233132
72717
1188653
1345780
2184832
998673
127081
1930934
731935
790910
82382
1324854
141218
371639
207243
307351
117248
1256724
159
133073
219540
402
11213
35828
158418
7833
67531
167452
559272
1079164
67157
167837
144464
255199
857
2449993
221878
104521
2658801
2384401
1028438
176104
807349
299595
156024
827729
959595
114526
19682
1078
228
33502
786376
1104802
12105
78049
19361
1490894
57266
165502
512200
596259
2238
2313
3780
45655
1037790
75777
293091
236569
39660
3025027
1712270
169063
32428
96957
2840353
796774
1302
481619
972560
753183
1771794
52455
62571
2791502
1353508
22461
91953
129446
357093
196112
83386
200760
382553
146216
548436
354341
1911718
34350
1901694
29541
1117260
25084
199745
84901
2411804
32423
469760
439984
1312814
18022
639406
1149979
137511
686151
258664
495374
274733
183405
131744
24006
3220195
1333971
2724
1348175
73569
482405
2999477
132379
702125
150872
150873
2057044
88938
356410
1395926
2939066
3194370
2140217
38685
70989
2392
14722
512835
339075
227598
1200742
1122928
162301
383462
68774
421308
300831
657119
694582
468542
352766
640744
871996
187055
214000
1361712
201493
88604
289140
1382827
940711
738361
6324
1389786
1179925
778309
6735
390479
11727
18696
338529
1309151
198816
1345959
64747
2083777
3089089
185552
29943
1407083
743266
1535058
85078
170081
311112
1305987
262900
321078
2292
470
366785
506325
2519688
1157349
193359
1971860
221084
31025
84245
54045
409691
1260090
289698
998166
221764
554836
850381
4959
142881
2880
191917
15737
35670
1755
125740
52172
39890
176677
102378
475626
17451
1392549
406534
550744
103827
110505
248783
2385653
9839
128827
1286718
443553
2930
2146028
8243
209883
873269
102289
23745
73080
1373175
16019
30764
1618897
2601608
2719748
1059688
105787
341406
640038
502973
363919
2082886
741808
854899
223520
6039
438165
1160086
264332
69907
1432047
2701681
220266
1288
289924
75033
279739
