325
6763
7469
7594
10847
14030
16231
22986
36315
36336
40368
43098
43469
43576
44687
45608
46007
56164
56708
57717
62290
62378
63132
63565
64545
65321
68030
70055
73902
78725
80034
80361
83980
87755
88806
90095
91012
95699
99397
100921
116237
119882
126725
127017
129188
129889
129921
140707
141493
142261
144681
145582
155170
155222
155782
157653
159139
162527
168614
170972
176591
183927
184737
191497
192695
192898
199493
202497
210098
211264
212894
221716
222153
226727
233058
236616
239058
239317
240909
242021
242122
244453
245033
245849
246170
249104
250601
255752
256718
258678
259498
259762
269356
272612
272871
274155
275570
277773
278456
280028
284078
287879
290387
290759
291572
292941
296418
296770
297251
298954
300387
300927
302590
308756
310029
312101
312728
318058
318320
319619
319682
320441
321075
321232
321344
321646
321654
321663
324135
326555
326881
326911
327964
330487
335667
336966
337747
338442
339882
346068
346089
347062
350106
354679
355139
356835
359132
360197
363847
364145
366814
368143
369227
370029
375625
376245
377386
378365
378407
380126
380239
381552
385453
386231
386258
387932
389220
389820
390840
392693
393588
394604
396893
404185
404264
404864
404974
406073
408062
408064
408614
412425
417083
418011
424711
424982
429810
432949
434607
435990
436915
436961
439055
440393
441138
441962
445304
446193
446533
446739
446964
447636
448030
448035
449422
453030
454372
457368
457668
457920
457923
458002
458865
458907
459364
459719
460949
462028
467253
470819
470826
476690
477766
478357
482959
484479
489979
504463
512548
512794
514523
517416
518796
522501
523937
524591
526185
534816
538429
540154
541113
545211
548844
553625
555631
556307
557102
560224
561188
567791
567991
573499
574076
575310
576198
605126
605130
605133
605137
605139
607298
610918
619297
623900
625705
647071
647084
647243
647617
648573
653022
653881
654176
654460
656010
656096
658571
658708
658740
659040
660022
662068
669885
677109
677316
677356
681238
681753
682182
690774
700415
725317
726037
726193
727268
727431
732848
740170
743912
749802
763619
765694
772614
777201
779679
783792
785732
786790
799703
800666
802635
802767
803083
803111
810069
810973
817196
819111
820533
833783
836537
849256
851457
862025
863383
871089
875687
882645
883084
884118
889945
892147
901105
902997
912906
922195
941766
951513
956357
965319
967996
970045
981426
1020941
1031082
1043262
1046876
1074838
1093972
1094320
1105179
1115062
1137408
1162272
1162563
1179174
1189774
1191533
1192371
1204928
1226274
1231882
1250851
1253999
1267232
1292899
1302849
1369258
1376943
1383660
1411027
1416757
1417903
1446899
1449896
1456415
1465221
1479064
1485657
1489101
1509140
1550102
1550105
1625616
1629954
1632298
1650241
1667947
1671135
1697505
1847952
1892317
1926203
2034737
2056278
2070817
2095849
2167575
2202253
2221297
2265548
2287759
2292486
2298798
2299669
2328359
2367989
2387880
2397441
2434908
2483853
2508431
2561550
2576185
2582293
2587276
2666824
2668564
2690088
2714381
2731149
2731169
2763276
2768836
2788198
2791487
2791496
2796789
2888871
2951408
2968765
2985553
2997979
3028178
3094821
3122781
3155537
