1594088
240822
1308985
2834534
3048211
48764
624
27238
295287
2021526
3230842
658994
5923
66014
89053
702172
2913858
2118565
1054878
70046
76482
919358
1506219
259847
311060
226458
1042219
34236
52057
926209
2032704
2921077
1150886
828961
883317
1462988
1278827
7653
1094469
620473
255210
124538
61022
69747
2697919
650158
2221725
277187
179696
1071265
2777733
533380
12533
24159
1352045
141179
135241
3227091
88345
71313
456628
1893089
1634023
1324975
393545
287302
3056096
153925
711114
8935
89522
2629679
2915572
243121
88070
73794
270660
54545
110148
69266
1657589
139040
43438
1312529
1437597
14036
803746
2581605
3048035
2871789
415928
476453
2732750
40693
2386770
56092
2587614
3042106
119485
424594
134734
529348
115523
1457656
1632426
185056
227676
112787
393266
920904
1303074
1656902
139469
1031456
31960
62428
354938
1099533
23452
476001
373670
453039
18749
1905053
2518184
245992
14084
13715
13716
100224
1925832
259697
99222
16516
1713395
358
430726
19553
72107
106347
1153696
263728
743534
2094739
1347114
2761336
417762
210453
1365955
80994
1098540
2277386
23157
25505
219372
859
103314
2987000
16136
192088
679994
93240
225634
43835
412364
2809622
367674
983160
983197
913155
1063574
1670802
40108
1414674
2087591
1452627
28106
83786
460218
946817
2768670
325557
2411713
11438
131148
68077
244975
2456
444583
358172
196892
223060
222348
58348
2696523
7655
2403707
1369095
1390167
2636742
1325
52587
1985848
1357704
1399271
1260628
394571
2723261
3230451
435597
258240
555125
16478
41186
96825
102234
234501
1679717
1684998
991168
501538
459946
3091015
1994720
1256942
9987
376944
1395124
528022
80670
6384
663777
2536073
407383
26773
607
100484
35028
271511
114300
675872
176986
1105034
3188976
2094499
70302
383665
3397
324297
1029086
1636963
154052
1192982
2899229
250574
117849
502279
1038856
1870956
121220
169306
13253
102041
1182281
2210602
1529829
409707
246272
1201280
2772671
141380
245088
10718
3011867
1453994
312302
692406
2448680
90970
652616
320946
3086984
2698756
1122412
490465
3151297
1140649
3184257
995799
670534
291033
39891
1050117
174441
2755300
402095
392199
1282264
443765
238864
2343910
118292
40633
15703
253816
1051
749074
1423884
61093
1726146
122344
3158799
103571
2161938
99296
94821
596013
97346
192886
654182
1446894
201068
58884
1176402
252699
1402759
2047428
2460845
732223
842049
242140
51445
150260
221654
2331114
1799996
189953
300434
3212969
3005598
327485
552285
235299
661875
286269
265480
477817
522234
2226311
1467174
524140
1349977
664328
490409
946868
2636088
116008
2914326
2410062
692928
475904
11464
4278
3100421
80042
438380
1382773
2287456
2747569
889930
1042604
2580625
179250
370038
2919257
1680183
380892
780183
3122896
1605
14012
251631
1636130
605584
71733
3009900
2896711
512249
523534
1494006
1780
33195
972657
1277612
156086
374576
3015165
2882240
1917
431090
32128
2722374
109943
168981
393650
194780
198144
2476061
364452
293201
600827
1618448
48157
1243408
449549
252994
121690
904336
195230
95208
4240
455320
320295
134530
194403
2950726
417589
811153
117889
72862
5808
523156
2871765
29940
101694
141633
1819312
881775
772266
82587
76877
2046371
218300
64141
1424226
104476
251034
159526
3213968
198792
348689
708761
2328139
2002
106000
159191
1795003
46609
22744
1655221
178025
409796
183815
16230
1647433
872
203510
219159
1937830
2372256
303327
1330776
282878
67207
70233
217603
13101
2697955
443280
91436
3071695
199788
29061
363018
812862
1228184
13395
258259
250616
252431
96778
410711
734175
13057
2972155
54247
911
2065891
2727077
3003497
18658
127
141504
425740
609042
417496
1202233
2898426
749775
1408449
2564272
1481
89766
52071
723066
5562
1631281
86571
2417730
275003
411944
35200
3926
245365
68801
709712
972397
244343
18675
513283
61355
14708
76273
1078620
484688
446098
43531
3859
2514814
81122
1382843
1534238
52295
41518
431968
1127310
2477116
892517
38819
314063
204760
2870387
28481
729410
216085
13189
54910
175106
2994422
1872835
3455
447732
125727
686629
84255
1277834
306773
88657
212007
169752
203986
315487
814071
1213882
784998
376953
7510
2035182
2845051
3037001
1129951
212681
3039731
3250272
415738
1995558
432356
2054654
781100
123619
743807
2063383
14245
45905
21813
1994046
169774
312159
196132
2334176
87463
20333
93093
9735
9253
19163
23774
57978
2103228
2251357
434760
11021
3038317
2248254
2134775
2929120
2268006
2923405
330663
662147
60388
70836
278716
2391371
149905
234527
11253
158704
24707
1010432
394666
1520590
507114
330677
97362
2627740
1724507
78257
45936
216863
84722
1451615
142836
181915
1040365
793612
141321
553556
1903635
190313
134087
19730
1688446
189915
2367777
1175016
1681044
231950
1198882
200158
818980
1049156
692306
2078960
181434
212964
3144097
1399478
71884
75433
257062
80367
2062
957263
2063845
1205421
285437
324422
2805935
884850
523888
209381
1814379
2612097
511086
2190755
41077
2704788
409523
1453239
503409
3053720
2358138
91147
130146
856622
122348
86199
90794
1823515
20175
163779
2145094
1668284
1285293
11592
19497
14344
1699345
173716
291089
1034692
1329445
110693
482086
40947
2416046
154002
780546
2645836
1105892
190475
254975
105065
61277
658384
392810
387586
411459
330224
351214
780548
251710
21092
271231
3199137
686614
2009245
1942553
635224
252211
33323
93291
1068519
160863
182489
1689336
1956837
1411974
2866785
210158
356594
169956
354071
378201
417265
651474
553365
462689
33425
368557
15263
133527
2698901
262480
292116
171101
124170
2911502
399942
371702
122232
59215
176295
1146462
1760116
1941449
945462
35327
10140
11223
298879
2400
118870
1705863
26091
233736
6429
2383954
331430
1330567
305755
382470
69616
21845
2749654
64298
297965
16243
3024944
1414656
777774
2337226
2488908
209631
357309
249525
43135
3162621
1799182
1198994
5365
160074
477277
451699
1538181
51159
2936927
3503
80060
33961
349418
141041
2306336
34421
118696
5716
14297
22580
63468
5744
869842
74867
274068
1291019
301880
992228
749760
257101
53842
2381045
220480
673418
196757
115763
1179929
342092
103446
287439
74432
2772845
99446
115895
56013
195933
2308233
96582
600602
400731
119512
249095
18665
484447
1382844
45601
31416
9510
1327654
2250837
2483891
2868390
1679736
280517
14599
407892
1461349
506778
221722
3099229
109104
2480089
201844
893044
360878
1396249
34884
324044
37778
1142696
672631
330166
1922429
218306
275873
2824040
173354
804
718701
2941839
8731
273093
2755284
14542
452960
1540923
196848
281666
99155
381893
2651139
2880761
2419892
9200
18256
129630
690837
691542
2236790
602702
1043354
731034
1455335
87523
94203
93299
84666
91472
71278
1251796
85309
2783666
3159906
101553
3221083
1723596
261501
18127
195036
289022
123092
125735
7041
321366
106980
553636
311563
512282
2832127
29652
1938575
1560277
800961
109910
433052
208344
3172576
482242
90928
1380719
328981
204921
237018
25882
1851760
1352043
1628610
1152690
1350824
2751416
2230800
1188031
1524985
398373
811846
1348674
141287
90365
126297
438150
739230
1114351
640161
69843
453370
326591
2802599
32967
1179512
169036
337072
1112179
193310
1367090
1213492
88100
231206
1363825
72887
912939
669543
1175802
2848120
1131559
223349
3100091
181809
1225568
149325
388333
398959
399052
1290229
752129
116684
35478
513735
2777910
97970
749293
74627
823623
139359
101320
2625410
240809
133110
10025
2110267
95149
30316
5996
2327264
87425
100979
131813
266567
121887
18670
138710
23862
106706
688151
13979
323548
810224
220921
451467
291035
70140
1448660
418122
226567
76764
268888
23288
29799
807497
204407
3854
29379
400527
1671603
54119
2232369
646465
349516
1196595
1406921
153360
840400
1528594
2536115
639556
246254
248321
92285
2959522
259093
318977
151836
521807
95555
111524
6933
2509777
968334
701353
1345910
117899
2757173
2106014
3211457
2871785
1241498
168800
7306
694508
375122
1302073
1760491
12415
2420049
2250040
