49068
212033
7318
1116521
93927
268879
195817
104373
45731
540390
869
27834
109748
98286
360883
15457
378434
8751
14769
21397
1517653
174812
315447
273719
236304
110324
965969
2596948
57512
2068782
68520
10806
426503
375876
20004
770087
256480
49997
514468
311
252577
298935
465602
1147184
221866
28032
160263
8029
322820
730593
2518678
2624720
7676
391192
283410
7346
5063
2811
78407
23960
19916
38863
549136
293154
114551
521227
310300
22401
405904
25714
696081
273298
1123
58213
5663
21599
281778
39239
822
348423
344759
13367
1412064
1439071
266987
821
13001
191898
246041
436113
14058
232126
236259
90683
2541
19052
1019620
1109622
520101
7032
444847
436139
94737
436
20645
9953
480897
30048
209001
27431
1113454
62093
1353263
176034
699867
429785
223139
231492
579743
141966
230722
429104
750563
120321
257705
779482
1440
3005684
364661
30263
152928
1150475
2625956
454702
53420
94887
1253583
123279
12996
17599
415596
204
386402
170629
13686
71952
11647
1489390
670900
284682
46171
1486782
79162
4033
675997
1670468
393464
1460485
39716
194134
1307860
24535
497603
122652
1432
1233269
511336
97447
45151
61382
81153
398942
644912
7017
35621
29608
78793
302694
725506
95826
217532
25872
1793953
1060057
62383
84647
30416
84134
129679
219230
2460927
689013
488681
196205
1946824
18017
71349
430766
429781
199855
476105
415989
150582
62899
5949
400
1826
599
108978
3338
652439
257292
399615
208097
2643625
94201
21217
82753
232043
246039
99940
2132911
194136
1525793
185871
112790
1245692
467560
166246
1898503
1416399
197989
17245
2143
341590
171551
737675
1486429
291551
293467
37032
45275
110223
367817
1403776
470284
134463
97076
518353
256406
60803
60293
10281
2273
6681
1121379
36246
196688
97226
644981
1888273
11626
507642
199827
962313
98939
1547035
263127
326348
2269900
728275
277474
2302635
878873
30023
81113
88584
13446
86375
439300
1164869
1087022
868213
1103816
484
74219
2086
217713
513465
24180
431456
1347626
19265
670477
702088
522167
7413
77050
1530202
63961
32573
220316
4645
329214
111768
17808
36223
447342
23482
5751
645630
1544184
429335
1140005
284819
10624
130071
179217
400096
807258
702826
214511
476960
79844
292154
459664
400329
416306
207294
1489569
337832
379712
421451
392907
304022
46420
1343324
241943
201158
4342
2345
5502
4842
814784
1255024
968496
77655
72859
6790
37547
53436
95979
304019
39615
1606709
302804
30998
307600
385477
783627
1108729
351986
164330
503627
709404
589504
188569
417065
275271
1371586
608162
2909
197504
234909
676008
42834
64405
27889
428876
300116
437212
257813
1249714
460076
380905
757
3126852
188040
16411
61958
415450
97358
399761
1288026
463049
161101
482183
40535
989505
82957
49935
15000
266911
147140
1105758
992197
521414
446083
8529
726312
4305
13900
620218
62825
70044
62784
85624
336395
72197
2083560
1407087
62441
2181106
849540
330939
1545355
256457
1915322
785650
1594004
664587
1407017
2666412
1010720
1531326
154
49616
214974
5573
381175
3474
8669
62293
1397761
55756
751844
172225
354428
448655
1001
74143
615951
68234
5860
36278
265202
4559
283551
206488
415629
836169
787965
367308
2748869
1102921
1108475
816
66703
1069382
387922
969652
365028
88476
52359
127588
194329
7581
1307729
1491701
1750971
4416
293694
53059
390087
13229
299636
88389
46251
7178
2496256
14230
1106
210134
461187
158439
140378
403081
95845
21566
327119
152
5708
679758
174760
36237
1197973
4669
4509
297
2204
125241
1056836
1122822
14788
75936
116009
16973
8526
13825
33274
59460
514643
141245
393609
161
655914
223052
2245317
169862
59171
937114
985231
38082
248117
810839
105315
50169
1022758
1113854
290797
112193
3143
946544
166538
11346
1360193
944
15013
1330534
722636
18912
197002
1059672
222686
698948
330888
401667
105124
97571
477674
692648
104466
303423
1301
189506
1118859
191674
68047
19278
430759
86092
280159
149755
20485
1319373
721290
5498
75110
802424
2647458
247843
1006706
398723
100840
168969
2167
196982
5599
258332
285549
265431
1569588
630334
1510128
68490
43324
13051
181713
1353836
333559
1066
447837
675589
40069
98818
64585
665243
2197
453327
16132
451415
2568036
101800
101150
948188
688619
640233
61481
1070899
194660
2093264
72481
49611
151
5783
1758408
27471
53192
17635
884185
783705
2140949
727839
298981
694954
1851416
39598
265019
23108
1005373
292535
57845
160171
75067
1086912
3007005
85714
297129
33754
9334
13231
769671
572017
54385
153767
465953
327024
455443
41117
60563
52739
344745
113976
565865
672068
69987
259028
10849
24133
30360
336865
81415
179196
444722
352022
65344
414371
46042
24270
1128685
217680
300042
500455
696330
442812
102236
301271
380271
166838
1377754
392259
351984
1846
2495451
1053024
28912
259364
340308
55483
