54197
117067
69255
197439
110
127987
345355
767189
375396
57177
296098
19788
94973
31803
2469
435703
45932
115659
441136
1163983
212136
179419
215406
114905
535513
3116677
397446
436232
268920
31385
909527
1205065
477530
349250
142260
171801
35433
95172
440718
868581
118031
12403
101730
38296
196475
11682
273323
128175
1135
685403
946319
42424
41633
428420
13619
52905
267287
414067
273306
230330
410394
448847
188953
249405
194988
1115629
57315
67590
206104
204906
1277275
200614
94494
258627
831571
269134
696513
482360
315476
130042
127826
33582
95226
1753
40857
623922
1757
898203
736025
81198
104930
442962
1150128
1054728
265173
4337
1611013
76710
19611
279167
48025
2251807
406936
222343
1102401
13892
356110
755039
225049
855701
608187
1098022
317789
19640
165054
593049
140936
285531
395408
255635
233482
644047
284312
101166
222789
8994
1303
257162
1151
12240
97434
120288
211929
1788158
235397
24353
683651
12382
1172018
239229
165906
105361
533511
52743
141881
207424
749704
440935
429219
517646
241987
72058
3307
46679
1471885
61526
6749
156504
280225
247898
818557
190725
818541
1500097
516549
63888
38290
125260
98907
1158125
78807
1361886
64623
7539
8158
281861
1904467
2101450
1883846
936160
98753
133523
430783
39471
36069
73747
276484
28388
510379
23004
400949
692669
692808
40133
18343
54763
31644
1139
439238
1358329
348438
196906
259415
234131
407970
28582
319433
875790
390812
824717
478968
79202
1191556
1917280
389997
308478
110417
476408
952262
10556
201588
782508
100542
30757
150641
73213
387505
242273
19405
281684
292080
406245
75202
277545
158399
54852
1603294
14736
4989
308495
207118
176729
287999
248495
25172
85629
392905
33035
242706
635854
41486
2015752
458301
362807
91311
