366
706
835
1021
1029
1296
1746
1919
1976
2360
3365
4654
4886
7772
10350
10903
12766
13260
13386
13814
14857
14867
17355
18009
18515
18939
19088
19407
19728
19777
20444
21528
22185
22441
22795
23748
24607
26578
34475
35485
35956
36088
39696
43765
44889
45942
45963
49430
49526
54498
59130
59694
61328
61362
63453
65319
68962
69138
83348
83523
87204
88332
89121
89135
100454
103808
106455
108914
111291
111821
112083
124569
129844
129905
133430
138707
139376
155115
161792
161986
162086
164260
164379
172287
183955
184602
185393
190134
201772
202640
204901
211408
211756
220844
233999
241491
250720
253097
255763
256285
262793
267680
271243
273192
274088
275629
280080
285245
287443
297795
298361
299239
301251
304169
304214
304377
304939
334442
335975
336084
346905
350454
355218
355468
356483
361406
363958
366093
366560
370528
374298
376726
382048
382604
385152
391720
393530
395867
396637
398983
403856
407989
416287
425693
434545
435664
435719
435750
436618
441564
441693
441910
445270
448652
448876
451978
452494
462092
473380
482428
483360
503964
509337
515441
520178
535350
558735
561068
589024
610248
612276
645703
652453
653668
656237
675776
678759
680825
684039
684127
698666
732035
738747
740371
751191
779725
807535
833946
849772
857811
863091
876155
880158
890295
914622
976622
987136
1021105
1038736
1039038
1039214
1045336
1047476
1047486
1047490
1047507
1063114
1070928
1091449
1098893
1099754
1100659
1108910
1110964
1111567
1113875
1122417
1153287
1166108
1177508
1179650
1204772
1244864
1260360
1281685
1292762
1294910
1301501
1309453
1317235
1326892
1327682
1331631
1346332
1373273
1386758
1393175
1409369
1439070
1445419
1446627
1446701
1466745
1467758
1479293
1488389
1499897
1519646
1520113
1520456
1522950
1542398
1545485
1655159
1666293
1730280
1775621
1820423
1884129
1948099
1995629
2025425
2082847
2100178
2227994
2306328
2313404
2327431
2385190
2511729
2629624
2630778
2637579
2640543
2708483
2745924
2746977
2984940
3065288
